nand 1158 928 3291
nand 1528 2638 1971
or 2288 2477 2504
nor 2414 1185 1720
nand 3754 2952 1993
or 2717 2591 4055
nor 2772 107 107
nor 2952 1113 2881
nand 3029 113 1811
nand 2322 1979 1779
nand 2537 3344 3344
and 3857 1953 2988
nand 4080 111 111
nand 2367 3608 3608
nor 2666 163 163
nand 2463 2892 2892
nor 3081 2458 3372
nand 1338 128 128
and 3575 458 31
nor 2633 4049 115
nor 3475 3990 3130
nor 3296 2000 2000
or 3648 701 15
nor 3832 2429 1064
nor 3458 1913 1913
nand 3222 51 51
nor 2232 2978 2978
nor 3657 197 197
nor 2182 1120 1120
or 3815 2505 3637
nor 1503 440 440
xor 2541 361 4034
and 2810 3663 1987
nand 2994 3025 3485
nor 2390 2067 2067
nor 2243 88 88
and 2353 506 1971
nand 2903 389 389
or 2486 3332 3198
nand 1786 3571 194
nor 3786 4050 4050
and 2516 1754 1250
nand 1364 61 61
and 3985 1411 2923
nor 1797 507 507
and 1916 899 3480
nor 1642 1306 3210
nand 1324 173 173
nor 3061 1098 1715
nor 2715 96 96
nand 2960 2860 3008
and 3209 68 1420
nand 3823 1776 1776
or 1721 1563 1505
nor 2206 3794 1052
or 2186 1715 3632
or 2513 63 51
or 2075 3767 323
nand 3017 3838 1085
nor 1522 258 258
nand 2688 1100 1100
nor 2796 20 20
nand 4039 4028 4028
nand 3143 165 165
and 1950 1665 395
and 1749 1723 1245
nor 2798 2888 2888
or 2746 2368 3314
and 3719 2134 2775
nand 3975 2498 1889
xor 3710 2789 3577
and 1615 2388 3134
nand 2300 2277 2277
and 1796 2348 3506
nand 2818 234 234
nor 2101 2 2
nand 1747 794 1529
and 1096 4008 643
nand 1395 50 50
nor 2808 3624 3624
nand 3011 2322 2322
or 3274 2120 8
or 3860 2795 3834
nor 3278 193 193
nand 1188 3603 4014
nor 1777 3650 77
or 3639 3115 2124
and 3877 3920 2770
nand 1507 2820 2820
nor 2957 2830 1417
and 2711 1388 228
nor 3285 3257 3257
or 1434 1056 1507
nand 3111 2852 2466
nand 3300 1743 1743
and 1175 809 610
and 2273 3611 3475
xor 1738 1670 2044
nand 3688 83 83
and 2564 4065 1691
nor 2260 629 1464
nand 3765 348 348
nand 1768 46 46
or 1204 2713 3027
nand 4010 275 275
nand 1166 3400 3400
nor 2092 68 68
xor 1938 3549 4000
nand 2153 96 1900
and 1307 3088 2108
xor 2248 219 3977
or 3382 834 1058
or 1868 1884 1351
nand 2204 2916 2818
nor 2420 55 55
xor 3885 821 1980
and 3074 1894 2169
nor 1448 1623 118
nand 3001 3737 235
or 2003 3711 1607
xor 3478 544 2365
nor 2286 133 133
nor 3658 24 24
nand 3172 2514 1305
or 3992 3355 2485
and 2692 2231 3325
nand 2451 1550 1550
and 2095 3884 191
nand 3403 3037 3037
nand 1826 301 301
nor 1343 400 400
nor 2193 184 184
nor 1069 85 673
nor 2910 3992 1536
nor 3847 1045 1339
nor 1600 3625 3625
nor 3072 1178 1178
nand 2320 206 3668
nand 3607 26 26
and 1580 874 1613
nor 2234 242 242
nand 3077 3028 3028
nor 1680 3018 3435
nor 1976 110 110
or 3590 260 1144
and 1945 3989 254
nor 4079 1171 1180
or 1695 580 2636
and 2815 1707 2745
nand 2941 3606 1491
nor 1269 306 306
or 3693 3832 2934
nand 1094 1955 1955
xor 2033 2045 551
or 2041 1014 3348
nand 1622 2622 628
nand 3598 103 103
nor 2331 4089 4089
and 2190 140 2905
nand 3899 492 492
nor 2224 4068 4068
nand 4064 1145 1145
nor 3030 1444 3230
or 2689 3804 1683
or 1047 3197 516
nand 3864 80 80
nand 3386 272 288
or 3362 3460 3199
nand 3002 2445 2445
xor 3242 654 3508
nand 1816 3933 3076
nor 2150 2055 1298
nor 3544 130 130
nor 1485 35 35
nor 1272 1131 1316
and 2568 1038 3104
or 2465 812 1120
nor 3425 368 368
nor 1139 4023 3320
nor 3574 446 446
and 2154 936 1752
nand 1854 144 144
nand 1191 143 3027
nor 1359 1215 1215
xor 1470 44 1253
nor 2920 2942 2942
nor 3056 316 316
nand 2811 1384 4044
xor 2551 1532 641
nor 3178 1771 1771
and 1305 2626 1029
nand 2069 2096 3313
nor 1447 3351 3351
nand 1605 3449 93
nand 1340 349 349
xor 3731 916 1850
nor 3836 1900 1846
and 3509 363 150
nor 1765 1121 420
nor 3318 160 160
or 1666 449 1901
xor 3057 272 3692
nand 2982 791 3634
nand 3021 651 2643
nand 3696 1057 54
nor 3428 314 314
nand 1266 2979 2979
nor 1244 3 3
nand 1274 193 193
xor 3780 3517 1983
or 3368 1247 865
nor 2685 1325 1325
nor 2923 98 98
nor 2345 2804 2804
nand 2514 2720 2720
or 2113 3309 332
nand 3971 783 3828
nand 3479 503 1837
nor 2316 3283 3283
nor 1608 226 3816
or 1971 1659 673
nor 1996 2908 2231
nand 2169 276 276
nor 3855 332 332
nor 2674 137 137
or 1314 1718 2946
nand 3477 2306 3682
nand 1547 1402 1402
and 2461 2133 1606
nor 2594 101 101
nor 1937 1571 1571
xor 2437 889 3698
nand 4056 779 3602
xor 1819 2135 1111
nand 1240 200 416
nor 1693 4032 4032
or 1084 3559 3702
nor 3538 256 256
and 1810 2427 3002
xor 1137 781 3884
nand 3816 2575 2575
nand 1921 151 151
nor 2471 64 64
nand 1995 3842 3842
and 2801 778 1513
and 2492 125 3096
nor 1527 126 126
nor 3547 1498 768
nand 3948 3959 1499
nor 1594 1420 1420
nand 1063 2647 70
nand 3618 1413 1413
nand 2989 459 459
nand 3104 3042 3042
and 1984 45 3900
or 1454 3140 1541
nand 2705 1397 1397
and 3280 3782 2824
and 3142 374 796
or 2001 881 1821
and 3548 2895 3365
and 4095 3013 1723
xor 2255 895 1022
nand 1948 3950 3950
or 3015 1294 717
and 3755 3348 1453
nand 2986 162 162
xor 3389 3024 556
nand 3342 1617 197
nand 3369 243 243
or 1194 3687 1556
nor 3006 3580 4006
and 3013 2537 1224
nand 2057 1994 1994
nor 1287 2802 2148
or 1487 1002 2723
and 2752 1805 916
nand 3165 233 685
nor 2315 1676 1676
and 3134 24 2252
nor 1099 3437 3437
nor 2172 849 642
or 2625 2688 3041
nor 1043 1609 653
nor 3106 1389 613
and 3415 1403 3625
and 3584 351 767
nor 2403 3104 3104
nand 3610 338 338
or 3196 2758 1207
xor 1833 1180 3536
and 1060 1298 183
and 1262 19 20
and 2546 1662 4034
or 2757 114 481
nor 1758 2592 2592
or 3594 365 1014
nor 1076 285 285
nand 3310 3735 3735
nand 1449 298 298
and 3224 2050 46
nand 3333 1937 2967
nand 4018 359 359
nand 2890 2538 2538
nor 2065 1824 3951
nor 1973 1839 1839
nor 2959 195 195
xor 3381 904 4004
nand 2329 324 1828
nand 2983 2797 177
nand 1883 2237 2596
or 3881 373 3569
and 2029 568 1921
nor 3804 2692 2692
nand 1123 3470 3301
and 3851 1232 2768
nor 2775 3071 3383
or 2081 3616 93
nor 1299 3543 1071
nor 1429 1898 229
nor 3000 506 506
and 1467 3027 3832
nand 1318 4092 581
xor 1681 628 135
and 3958 173 3569
or 2379 487 49
nand 3113 1964 1964
nor 2423 3079 1534
nor 1943 3782 3002
or 3378 1119 1492
nand 2574 147 147
or 3841 2609 2331
nor 1134 1849 1579
nor 1759 1699 2170
and 2401 34 506
nand 3981 1343 1343
nand 1652 2529 2529
nor 1391 464 464
nor 1129 62 2760
nor 1411 3004 6
or 3930 806 1094
nor 2912 262 262
nand 3582 435 435
nand 1890 3025 1876
or 3044 3212 3336
nor 2339 436 436
nor 2750 3146 3146
nor 1893 369 369
and 1090 2530 1373
nor 3561 2479 2479
and 2557 2938 3555
xor 1031 1800 695
xor 3602 2398 662
or 2098 3369 511
nor 2858 430 798
or 3556 206 2332
nor 3859 2181 1600
nor 1025 401 401
nor 2505 3069 10
nor 1295 2092 3183
nor 1558 676 1539
nor 1634 2245 2835
nand 1406 28 28
nor 2534 2976 1485
nor 3325 2621 2621
nand 2999 416 416
and 3286 663 3616
and 2170 1156 1989
nand 2884 488 488
or 2155 3987 1287
nand 2350 208 208
nand 2721 149 149
nand 2380 32 32
nand 2899 2715 211
nor 1368 1661 1305
xor 2828 740 2898
nor 1210 1481 1326
nand 2719 1718 3452
xor 3802 1251 403
nand 1633 437 437
nor 3261 1575 1575
nor 1345 293 293
nand 2006 2298 868
nor 1784 498 498
or 3890 2067 34
nand 3471 1617 1617
nand 2333 259 259
or 1154 1742 3261
and 3625 4090 2004
nand 3194 230 230
nand 3940 957 2668
nor 1081 3757 2504
nand 2683 1837 1837
nand 2745 1655 1655
nand 2000 420 420
or 2601 1472 2909
nand 1420 3943 3943
and 1629 83 1937
nand 3898 155 155
xor 1217 1614 150
nor 3130 1284 1284
nor 2304 380 380
nand 3513 2611 3937
nand 3139 1157 1157
nand 1668 4030 4030
nand 2229 3001 3001
nand 3151 1394 2410
nor 1922 2208 1146
nand 3396 22 22
nand 3484 986 668
or 1041 1297 2918
nand 3234 1845 1845
nand 2297 204 204
nand 1621 392 392
nand 2795 97 97
nor 2025 2203 2203
and 2977 166 1845
nor 3388 90 90
xor 2294 1128 1978
nand 2094 3262 3262
nor 2377 86 86
nor 3740 230 230
nor 2452 2622 853
nand 2458 1539 1539
nand 1773 79 79
xor 2769 2707 538
nor 3865 3826 3826
and 1623 1641 296
nand 3592 287 287
nand 2181 1626 1626
nand 3485 2209 2209
nand 2848 3366 3366
and 2127 476 2683
xor 2597 760 2313
nor 1104 3102 3678
xor 3373 1186 2723
nand 1079 273 273
nand 4055 3072 3072
nand 3267 26 26
or 1543 176 3966
and 2703 796 3509
and 2620 688 662
nand 3413 347 347
or 3126 203 691
or 3849 1935 3959
or 3426 572 2340
nand 2045 3765 217
or 1155 4076 2192
and 4057 1684 3913
nand 3674 438 438
nand 3760 3190 3731
nor 1841 1096 1262
nand 3750 14 1503
xor 3324 1536 4088
nand 1258 249 249
or 2469 3894 2277
nand 3326 643 258
nand 2611 2341 2341
nand 1333 1959 1959
or 1783 3042 2566
nor 1159 1389 4086
nor 1325 426 426
and 3495 119 3180
nor 1778 503 503
nor 3797 1452 3672
nor 1252 1 1
nor 1683 3371 3371
nand 3785 2120 3469
nor 4074 208 208
nand 3460 1875 1875
nor 3845 3408 1529
nor 2388 1053 1053
xor 2739 1566 992
nor 3051 2898 1873
and 3095 2431 412
nor 2099 1428 2690
nand 1969 168 168
nand 1235 207 207
nand 3462 3963 3963
and 1495 1077 3739
and 1500 3100 31
nand 1832 1079 2966
nor 2595 1109 1207
and 3416 1820 2283
xor 2645 3223 1758
nand 3578 2395 2395
nor 1675 2096 824
xor 3356 1105 2865
nand 2664 4059 4059
nor 1699 2851 3180
nand 1870 415 415
and 2147 1603 1422
or 1669 2351 3174
xor 2372 287 2117
nand 2332 2161 2161
and 2175 3846 3600
and 3427 3947 2270
nor 3850 307 307
nand 2578 634 409
nor 3026 2698 2698
and 1918 3368 2040
nand 2830 1716 1716
nand 2539 2250 1896
or 2015 2454 367
nand 2128 2988 2988
and 3784 1167 1335
or 1254 1031 2025
or 4071 2380 3730
nor 3932 154 154
or 3961 1004 3670
nor 2124 1181 1181
xor 1897 1982 998
nand 2617 1170 1170
nand 1423 3435 2183
nand 3041 238 238
nand 2050 472 472
nor 1207 4038 4025
nand 2583 2096 2831
and 3147 3933 2321
and 4092 149 2577
or 3628 2171 1704
nor 2613 2939 2939
nor 3993 285 285
or 1707 1473 1593
nor 3942 12 12
or 3624 2584 3775
nor 2134 3510 2299
and 1762 1443 1433
xor 1392 3833 200
and 4012 1432 1049
xor 1072 2380 203
nand 2905 480 480
nand 1850 84 84
and 2650 750 3728
nand 2337 333 333
nor 3875 356 356
nor 2164 3534 1371
xor 1838 2583 1898
nor 2400 29 29
xor 3043 3016 1320
xor 1493 2699 2423
nand 2310 3928 1277
xor 3090 15 2421
nand 1904 311 311
nand 3118 3865 3865
nand 2788 494 494
nor 2842 2627 2627
and 4054 1943 1816
xor 4042 2913 323
nand 3201 3134 3134
or 2940 2882 2428
nor 1413 395 395
nor 3231 2746 4074
and 3408 158 1027
nand 2007 53 53
nand 3206 1202 1202
nand 3653 3809 3809
or 1613 2683 2767
nor 1801 1505 3090
nand 1785 58 58
nand 1574 2573 2573
nand 1463 3330 906
xor 1462 1634 492
nor 1334 3683 3683
nand 3264 3003 4016
or 3019 1499 3530
nor 1107 608 2941
or 3453 1902 3460
nand 3749 505 505
nand 1367 3577 3983
nor 4068 1513 1513
nand 1539 52 52
nand 1115 2604 2604
nor 1113 1978 1978
nor 3626 108 108
and 1087 113 2995
and 2586 1185 3609
nand 3647 3620 3620
or 2409 2023 3872
nor 2971 45 45
nor 1093 78 78
nand 3609 3008 1790
nand 3202 3770 3496
nand 4026 303 303
nor 3678 2654 2654
nor 1375 2049 2049
and 2549 441 3384
nand 1624 2399 2399
nor 3463 2362 2362
nor 3951 126 126
nor 2888 342 342
or 2988 3016 1572
nand 1482 85 85
or 3338 946 2392
and 2885 3828 2236
nand 1901 1 1
nor 1276 4 4
nand 2520 1812 1812
or 2955 2567 353
nor 1218 2454 2454
nor 3337 2827 2827
nor 3555 2619 1529
nand 3852 142 142
nor 3614 2199 3977
or 3801 8 1987
nor 1321 3151 3151
nand 1867 2753 3455
and 2197 2729 764
nor 3117 54 54
xor 1696 3072 3108
nand 2845 3161 3161
nor 1688 93 93
nor 1220 879 1196
or 1800 1976 1508
nor 2729 352 3152
nand 1584 3000 731
nand 1311 2581 1949
nand 2277 3639 3639
and 3670 2668 284
or 3244 3077 1886
xor 3984 3967 1149
nor 3402 3536 3536
nor 3383 3058 3058
nand 3100 3060 3640
nor 3949 3394 3394
xor 3456 1978 79
xor 2060 4050 1447
xor 1643 1070 2488
xor 3155 3314 3522
nand 3430 60 60
and 3167 639 712
nor 3444 2520 3086
and 3588 3263 2783
xor 1357 2945 2590
or 3079 1742 1789
nand 3680 2352 923
nand 3552 2450 2450
nor 1531 1672 1857
nand 2109 408 408
nor 2626 2962 1250
nand 1830 119 119
nand 3207 308 308
nand 1431 1692 2031
nand 3163 153 153
nand 2727 3893 2915
and 1965 2453 1235
and 1726 2265 1616
xor 3499 1680 3968
nor 2998 306 306
nor 3243 3609 1959
or 3564 2674 2998
nand 1588 2708 3158
nand 1611 2908 3222
and 1715 84 3044
or 1657 2732 3496
nor 1687 291 291
nor 1082 1527 1379
nand 2648 3604 3604
nor 2565 1459 1882
nand 3192 323 323
nor 1263 3100 3429
nor 1100 387 387
nor 2219 1993 2298
xor 1549 193 4076
and 2482 2816 1470
nand 3629 374 2193
or 1397 2272 1527
or 3302 266 2224
and 1926 2205 3442
nor 2296 89 89
nand 4030 1134 3960
and 1834 3854 89
or 2290 1769 2715
nor 2869 1089 1473
nand 2812 7 7
and 3450 3208 1002
nor 4090 433 433
or 1384 416 3597
nor 3767 189 189
and 2654 2504 1512
nor 4024 72 72
nor 2205 299 299
nand 2622 4003 4003
or 2005 4069 3170
nand 1059 1642 2630
or 1824 3030 985
nor 1510 3320 3514
nand 1491 1167 1167
nand 1667 573 2504
or 3276 2122 2632
nor 2258 2400 115
nor 3405 295 1595
nor 1149 366 366
nor 3432 1770 1770
nor 3200 1298 3350
nor 2306 3691 3691
nand 1903 510 510
xor 1040 1940 704
and 2136 1963 2731
nand 2623 3852 766
or 1479 2075 3257
or 2800 476 1068
nor 2668 460 460
nand 1339 2227 2227
nand 1889 2131 2131
nand 4072 549 561
nor 3240 2544 3265
nand 3182 1289 2671
nor 2901 3534 858
and 3733 4052 3455
nor 1496 48 48
nor 1873 1088 1088
nor 3944 3422 3422
or 4005 1532 1133
nor 3497 260 260
nand 3214 2571 2571
or 2085 3543 3794
nor 2433 268 268
and 3546 3671 2442
nor 3284 2310 2310
nor 3713 419 419
nand 2518 2994 2614
nand 2673 2749 1497
nor 1223 177 177
nand 1052 34 34
nand 3819 1766 1766
nor 2700 3554 3554
nor 2780 270 270
or 4073 2890 3618
xor 1598 2720 1959
nand 2580 1322 1322
nand 3798 346 346
nand 1851 3580 3966
nand 2826 3034 3034
nand 2174 1156 1156
nor 3145 3105 2783
nor 2892 120 120
nor 1176 1734 1734
nand 3038 3562 3562
nand 3076 2725 2725
or 1161 1333 793
nor 3361 3897 3897
nor 2157 286 286
nand 1763 1335 1335
nor 2198 2178 2178
nand 3952 1298 2144
nand 2436 1236 1236
nand 1309 2808 2808
nor 3541 40 40
nor 3093 3112 3112
nor 3398 3339 3339
nor 3175 102 102
nor 1468 324 324
nand 3407 1151 1151
nor 1713 412 412
or 3409 1942 3398
or 4022 2387 1425
nand 3123 1248 3259
or 1525 3201 2909
nor 1141 3872 3872
or 3606 3213 2700
nand 1737 668 2801
xor 1898 3336 140
or 1322 3789 3295
nand 1811 543 3596
nand 3018 213 213
nor 2976 262 262
nor 1932 3206 3192
nand 1225 797 3151
nor 2464 3778 3778
nand 4035 213 213
nand 3990 2848 2848
nand 3215 552 1412
and 1860 1913 2114
and 1108 328 1330
nor 2500 265 265
and 1382 2273 3288
nand 3963 2880 1229
nand 2652 3345 3345
nand 3339 300 300
nand 3789 2439 2439
nand 1402 428 428
nor 3180 2999 2999
nor 4089 3766 1048
or 3623 2388 3800
nand 2961 3783 3282
nor 1150 158 699
and 1407 3538 73
nor 1186 862 2823
nor 3489 3908 3908
nor 3115 1484 1484
nand 3621 1433 1433
nand 1714 1166 1166
nand 4069 3892 3892
and 3996 2946 1176
nor 1101 2100 82
and 1200 769 3688
and 2374 2651 1361
nand 3925 253 11
nand 2254 3272 3272
xor 3945 3240 2203
nor 1428 1406 1406
nor 3941 2031 2031
nand 2131 115 4001
and 2843 3008 3682
or 3417 1155 204
nor 1404 3868 3296
nand 3404 3149 3148
nor 1255 378 378
and 2068 1141 2533
nand 2450 2585 198
nand 1978 457 457
nor 2547 3349 3070
xor 1046 3628 4063
nor 1054 494 265
nand 3834 1581 1581
nor 4038 1124 1124
nor 1559 402 402
and 1618 3770 2801
nand 1892 63 2846
and 2295 1102 2373
nor 2166 272 272
nand 3569 462 462
and 1694 2543 1148
or 1292 2266 3553
nand 3345 105 4082
nor 3154 296 296
or 2687 4066 2686
nor 2386 360 360
nor 2319 1084 1905
nor 2398 3900 3900
xor 3843 1821 506
nand 2289 292 292
nand 1476 118 118
nand 3372 3708 3708
nor 2442 2035 2035
nand 1848 3092 3092
or 2185 811 2476
nor 1902 2534 2534
nor 2946 105 105
and 2250 3866 78
or 1972 1257 1787
nor 3796 3921 3921
nand 1812 3841 3841
xor 1128 1869 952
or 1162 1752 3137
and 3794 3303 182
nand 3699 2775 1204
and 3429 1104 2343
nor 1453 1692 1692
nand 2023 1829 1829
or 3294 858 843
nor 1579 2788 2788
xor 1879 2868 694
nand 2902 1795 1712
nor 2312 257 257
or 1424 1675 1913
nor 1477 2907 903
nor 3343 2444 2444
and 4083 82 643
nor 1489 269 269
xor 3157 1713 1061
nand 3766 320 320
nor 1659 255 255
nor 3980 1570 1570
nor 2285 1389 1457
nor 1243 309 309
nor 3913 339 339
or 2925 79 2354
nand 3340 486 486
nand 3894 2821 2989
and 3084 1445 270
xor 2502 2382 2862
nor 3295 2638 2638
nor 3221 212 212
xor 2384 1285 286
nand 2868 3855 3855
nand 3997 196 196
nand 3516 1084 1084
nand 1192 2766 2766
and 4094 1401 2914
nand 2512 3120 3120
xor 3581 6 384
nor 2358 3919 1494
or 3309 3529 2008
nor 4058 3462 3462
nor 1450 493 493
and 1829 150 2047
nand 2647 233 233
and 1035 2304 2411
or 3753 597 750
nand 3599 511 511
nor 3641 3558 3949
or 2335 3331 3747
and 3915 2537 411
nor 1361 2857 2874
nand 2783 1038 1038
or 3007 125 3366
xor 2247 3652 843
nor 3269 1786 1598
nor 3889 484 484
nand 1979 1929 1929
nand 3063 1492 979
or 2093 3236 3577
nor 1414 289 289
xor 2091 3963 2534
or 3904 2582 844
nand 3476 214 3955
nor 2083 422 422
and 2210 3339 829
and 1422 1148 2261
xor 3803 2398 820
nand 3664 4078 3094
nand 3370 2367 2367
nand 2431 80 3014
nand 3727 3520 3520
nor 3292 2101 1364
nand 3014 21 21
xor 3048 409 1238
and 1612 2240 2464
nand 2973 204 204
nor 1494 222 222
nor 3031 181 181
nor 2445 491 491
nand 1346 2313 2957
nand 4066 2797 2797
and 3810 1185 3183
or 2833 1083 2057
nand 1939 450 450
nor 2462 302 302
nor 1745 3571 25
or 1798 2856 2417
nand 3385 286 1375
nor 3620 1537 1537
nand 2776 3429 4039
nor 1125 4039 1903
xor 1261 3291 2813
nand 3577 117 117
and 4043 253 519
nand 2405 3990 3323
and 3768 365 2975
nor 1118 308 1130
nor 1403 49 49
nor 3232 202 202
nor 2455 231 231
nand 2932 1449 1488
nor 1644 152 152
nand 2301 108 108
nor 3821 1402 360
nand 1452 3174 3174
nand 3800 3786 3786
or 2656 1138 3598
nand 2860 219 219
nor 2593 390 390
nor 3179 2457 2457
nor 4001 183 183
xor 1501 4010 3464
nand 3219 269 269
nor 2913 2618 2813
nand 2690 1244 1244
nor 2927 449 449
and 2657 111 2286
nor 1475 3216 3216
and 2569 2152 3969
or 2435 3921 4033
xor 3685 3702 2699
nand 1560 530 1516
nand 1729 2542 3109
nand 1499 289 289
and 3579 2553 3620
nand 3878 3432 3432
nand 3480 2860 3783
and 2532 2276 1899
nand 1416 93 93
nor 2937 3981 3421
nor 3982 1404 1404
nor 3924 3513 3513
or 1835 1185 2463
nand 1733 432 1306
xor 3020 3206 1361
nor 1985 54 54
xor 2718 2060 3650
and 1097 2653 920
nor 2115 1977 232
nand 3431 2276 2583
and 2629 2966 1514
nor 3189 1632 3160
and 2743 1498 3598
nand 3708 375 375
nand 1212 283 283
nor 1111 1216 1216
nand 1313 70 3194
xor 1142 2893 3339
nand 2391 187 187
nand 2489 2496 1988
nand 3177 1541 1541
xor 1803 2913 2048
nand 2767 3561 3561
nor 3539 467 467
nor 3929 3847 614
nor 4007 384 384
or 2602 21 1449
nand 2581 489 489
nor 2365 418 418
and 2376 961 3592
nor 1394 397 397
or 2267 3093 3900
nor 1356 1080 1792
and 1698 177 3419
nand 1203 1063 1063
nor 1348 2232 372
nor 2728 2929 2929
nor 2836 2927 2927
nand 2855 77 77
nand 2058 1450 2291
nand 2792 2816 2816
or 1393 3609 2420
nand 2413 3547 1397
nand 3739 3638 790
nand 2475 111 359
or 2722 2614 3370
xor 3406 1948 874
nor 3879 123 123
nor 2055 2543 2543
nand 3994 3463 3405
and 2931 829 3226
nor 3470 405 405
nor 2741 3032 3032
nor 3827 2023 3118
nor 2720 386 386
nand 2733 1699 1895
nor 3220 1977 1977
nand 1656 453 453
and 2958 1465 340
nand 2552 210 1096
nor 4044 2139 2139
nand 3312 257 257
nor 1578 3532 3361
or 1355 176 552
nor 3046 3794 3794
nand 3248 395 3293
xor 2921 3899 2945
xor 1042 3602 1718
nand 1987 2936 2936
or 2724 2784 628
xor 2747 1399 3349
or 3759 342 837
nor 2838 3064 3064
or 2201 847 3456
nand 1865 728 1473
or 1421 1303 1180
nand 3714 2432 1856
or 1589 1756 3519
nand 3686 1045 2765
nand 4031 166 166
nor 3195 3798 3798
nand 3717 1412 3688
nand 3049 3536 1648
nand 1725 1614 1614
xor 1968 1404 639
nand 3636 114 114
nor 1457 2509 2509
xor 1037 598 1466
nand 1899 3024 3024
nand 2049 465 465
xor 3695 2127 2278
and 3065 2021 602
nor 2515 88 88
xor 3814 1256 3535
nand 2457 2143 3836
nor 2348 252 252
nor 2559 365 365
or 3676 1268 2243
or 3950 1966 2664
nor 1792 2860 2860
and 3873 3304 616
nand 2965 1561 2758
or 1552 4070 806
nand 1189 1492 1523
nor 3265 2066 2066
xor 1906 109 3196
nor 3198 2500 2500
and 3502 1589 1337
or 3138 2904 3089
and 3308 1503 1904
nor 1970 279 279
nor 1548 3378 3378
nand 3831 326 3630
nand 1172 2548 1447
and 3709 3758 3460
nor 3251 250 250
nand 4009 178 957
nor 2507 226 226
nand 3449 11 11
or 3437 3941 2202
nand 2628 3207 3171
and 3028 69 3323
nand 3694 444 444
nor 3560 398 398
nor 3397 16 16
and 1376 2477 2099
nor 4053 2832 2832
and 2916 1818 3491
and 2849 1411 2044
xor 2342 3859 3047
nor 1103 2029 2754
nor 1954 399 661
nor 1131 1222 1222
or 3050 3779 3597
nor 2768 2548 2548
nand 2562 264 2472
nand 3035 131 131
xor 3956 1221 2135
nor 2579 1243 475
and 2203 2190 3694
nand 3671 3477 3477
nor 2877 1912 791
nor 1795 3568 3568
xor 1909 305 316
nand 1599 441 441
or 1776 3237 4058
nand 2192 1682 1682
and 2945 1377 2791
nand 3144 248 248
nor 1837 225 225
xor 3736 3189 1388
nand 2012 3631 1665
nand 3283 261 1633
nor 2108 67 67
nand 2786 1677 3224
nand 2918 2835 2835
nand 2370 140 140
nand 2209 1312 2736
nor 2428 206 206
nand 3824 2446 1974
and 1460 596 2455
nor 2935 2300 1652
xor 1640 559 2838
or 3129 122 416
and 2891 3261 2648
nand 1211 76 76
nand 3504 1183 2297
nor 1250 1458 1458
nor 3067 277 277
nand 3612 246 246
or 4087 3456 1667
nand 2672 137 137
and 3238 2158 263
or 1513 1359 1985
nor 1385 1807 2796
nor 2987 1547 2905
nand 1908 3005 172
nand 2723 1679 1679
nor 3210 1078 1078
xor 1036 704 79
nand 2762 1321 1952
nand 1169 45 2493
nor 2832 170 170
nand 3954 1447 1447
nand 3543 3300 3300
xor 3260 3697 3915
nor 1512 353 353
nor 2407 3757 3757
nand 3530 2289 2289
nand 2697 875 577
and 1132 564 750
nor 1105 281 281
or 2978 4075 3909
nand 2004 66 66
and 1603 318 3223
nand 1236 2593 22
or 1555 2153 837
nand 3099 1471 1471
nor 1534 3149 2025
nor 1521 2027 2027
and 2517 640 2868
nand 2605 2846 128
nand 3510 1963 1963
xor 2264 4020 3187
or 2814 3578 2540
nor 2036 3688 3688
and 3866 1234 4076
nor 1432 1346 1346
nor 2366 2759 2759
nor 3212 3113 3113
xor 3927 545 504
nor 2073 1157 4031
xor 1366 4058 2074
nor 3527 3232 4000
and 4070 3806 1808
nor 3615 2763 1869
nand 1303 2695 2695
xor 2696 3501 2832
xor 1415 1568 3897
nor 2047 501 501
nor 2426 124 124
xor 2840 1541 225
nand 3008 1169 1169
and 2883 906 1992
nand 3141 1544 1544
and 2082 1644 2635
nor 2046 3423 3423
nor 1571 2836 3177
nor 2639 324 324
or 2528 1810 2750
nor 2280 627 555
or 2163 3391 3220
or 2135 1475 1443
nand 1991 254 254
and 3777 2927 2009
nand 3558 2761 2761
nand 2824 456 456
nor 2544 134 134
nand 3259 1228 1228
nand 2882 3467 3467
nor 2357 2371 587
nand 2709 385 385
and 3040 1779 2881
xor 1231 3546 1939
nor 3033 2535 2827
or 1502 455 1599
nand 2542 321 321
nor 3909 3962 3962
or 3073 3611 272
or 1724 21 2285
and 3455 4070 1612
nor 1789 2383 2383
nand 2732 215 215
and 3282 1272 3599
nor 2434 1557 1557
and 1328 3912 2148
xor 1530 694 2342
nor 1746 631 3919
and 2653 1143 658
and 1354 3400 499
nand 3270 2692 1023
nand 1120 451 451
and 2671 2407 2229
nor 2734 2167 2167
nand 3763 1621 2443
nor 3451 238 1206
or 2070 1969 879
or 1654 2893 1309
and 3085 2021 3641
nand 1122 4007 4007
nand 3186 1020 3390
nand 1061 1159 1159
nor 2737 2117 2148
nand 2143 335 335
xor 3813 3572 363
nor 3287 1569 799
nor 2038 3690 3690
nor 1029 2163 2163
nor 3314 3629 1617
nor 2237 3603 4062
nand 2693 3156 3156
and 3846 1711 1662
nor 3533 3334 2857
nand 1913 2204 2204
nor 3748 2603 2603
or 3835 1817 2276
nand 2712 569 901
and 3677 389 2126
nand 2908 2256 2256
nor 2364 1076 2404
nand 2695 1490 1490
nand 1975 859 1795
and 2040 3714 768
nor 4036 3473 3473
nor 1564 3202 3202
nand 2067 509 509
or 3790 4053 3158
xor 1136 3971 1825
nor 3448 3181 2630
nor 1121 2762 3425
nor 2495 274 274
nand 3838 185 185
nor 1312 3553 3805
and 1597 1621 1175
or 3121 2273 996
nand 2731 3793 3793
nand 1881 310 310
or 2947 633 1093
nor 3793 263 263
nor 1030 353 651
nor 4040 1927 1927
or 3632 3722 3882
or 1170 2973 1769
nand 1711 3975 3975
nand 3060 1853 1853
xor 2496 894 1347
nand 3566 104 104
or 2392 3368 625
nor 3290 165 165
nand 3268 3340 3340
xor 1990 2127 1031
or 1433 2590 2813
or 4016 209 1033
nor 3435 2903 2903
nand 2142 2393 1089
nand 3069 4036 2641
nor 4088 156 156
nor 1045 2894 2894
xor 3128 743 1556
nand 2059 211 211
or 2207 695 1218
and 3032 1079 2110
and 3770 3631 1647
or 1920 1303 2100
nand 2176 2483 1305
and 2773 3066 3613
nor 3185 2773 2616
nor 2140 1459 2620
nand 1895 1205 1205
nand 3644 205 241
xor 2663 252 1183
nand 2879 1080 1042
and 1717 1792 55
nor 3725 434 434
or 2344 2995 3723
nor 3052 461 461
xor 3082 142 2588
nor 3213 3313 3313
nor 3900 336 336
nand 3433 667 494
nand 2730 935 1177
and 1791 3819 793
nand 1523 1844 72
nor 1774 344 3800
nor 1672 195 195
nand 3747 3592 3592
xor 1546 3682 2104
nor 2238 355 2462
and 2803 520 460
or 3683 2373 2064
and 2173 4014 2924
xor 2501 3715 1237
nor 3109 297 297
nand 1183 1590 1590
and 1620 691 3109
nor 3491 2349 3738
nor 1886 278 278
and 3162 1894 548
nand 1568 2866 1606
nor 1977 3973 3973
or 2030 2820 973
nand 1371 2907 2907
nand 2758 3835 3835
nor 2441 1156 575
nand 2351 1049 1049
nor 3486 3638 2734
nor 3519 1395 1395
nor 3329 3526 1805
nand 1438 74 74
and 3350 1007 255
and 2778 1182 4013
nand 1273 395 1202
and 3494 1119 1985
nor 3991 1008 2224
or 2061 2303 2466
nand 3271 1635 1635
and 3193 3279 3536
xor 2702 4012 1883
or 1410 3687 2182
nor 3089 1930 1930
xor 2490 3836 2835
nand 1374 1465 1465
or 2179 2979 789
nand 2011 3050 3050
nand 2979 358 358
nor 1604 3291 3291
or 3976 2468 3938
nor 3086 2705 2705
and 1265 898 925
or 2806 3687 918
nand 2553 1585 2446
nand 3447 4085 2734
xor 2034 2099 2635
nor 3047 2673 2673
nor 2283 4026 4026
or 2714 1014 1619
nor 3969 468 468
nand 3438 2430 95
and 3772 653 1465
nor 1505 266 266
or 2939 2731 1476
nor 1825 2443 2443
and 3146 2447 37
nor 3746 3519 3046
nor 2763 4071 4071
nor 2582 68 68
xor 1117 3251 2469
nor 2713 2577 2577
nor 3869 1659 1659
nor 2530 313 313
or 1864 2882 3357
nand 2242 307 307
nand 3227 1469 3412
nor 3173 1196 1196
or 1822 3840 3517
nor 2895 353 99
nand 1981 62 62
and 3036 2765 280
nand 1678 200 200
nand 2195 288 288
and 1638 3565 2820
nand 3307 3490 240
nor 1595 2738 3887
nand 3525 3738 987
nor 3512 2453 3163
nand 3534 1936 1936
and 1329 1197 1401
nand 1697 2823 1099
nor 2477 1854 3191
nand 2352 3837 1646
nor 2585 357 357
or 3273 3044 513
nand 1184 511 1449
xor 2684 3488 3612
nand 3473 1948 1693
nor 3692 442 442
nand 3882 2871 2871
and 3523 2166 535
nor 3443 60 1496
xor 1583 459 3946
nor 2799 2733 2733
nor 1808 1227 3647
nand 2411 2932 2932
or 3420 709 888
xor 4011 577 1825
and 2533 3697 258
nor 2102 181 181
nor 2231 2107 2107
nor 3936 188 188
nand 2302 1350 1350
nand 1110 2621 2870
and 2662 4077 3970
and 2635 1396 2156
xor 2271 2551 50
nand 2104 167 167
nand 3977 2726 2726
nand 2736 148 148
nor 1440 1761 1761
nor 4078 2776 2776
nand 1896 132 3376
nor 2555 32 1266
nand 2878 145 145
nor 3916 3503 3503
and 3125 649 3397
xor 3655 1684 85
nand 3730 3516 3516
nand 1180 2873 2873
or 3315 3955 1031
nand 3133 742 3503
nor 2846 71 71
and 3501 3976 2826
and 2740 2028 1330
nor 1917 14 14
nor 3974 1041 1041
nor 2064 1340 1340
or 2933 2859 1905
nor 2467 429 429
nor 3701 3514 1157
nor 1957 1410 1704
nand 1959 374 374
or 1566 3982 3038
nand 1381 1740 51
nor 1372 1330 2038
and 1405 1216 2641
nor 1923 2717 2717
nand 2208 2385 2385
nand 2262 2824 2824
and 3518 2518 3256
xor 1127 3177 3371
and 3892 3719 1878
nand 3526 1820 1820
nand 2841 3351 721
and 1626 3236 2587
and 3964 1177 2153
xor 3482 2797 486
nor 2851 2618 2618
and 2779 4068 264
xor 3761 3640 2404
and 1567 2202 1640
or 3531 3164 2328
nand 1587 216 216
nor 1708 1923 3897
or 3293 1489 2463
nor 3600 2990 2990
nor 3313 2900 4077
and 3595 1205 1774
nand 1471 423 423
and 1989 1054 2188
nand 1925 3525 938
nor 1289 732 3979
nor 3528 192 192
xor 3661 3123 475
nand 2144 238 238
xor 2522 645 640
and 2251 2275 3036
xor 3858 3953 920
or 3064 1785 3652
nand 2078 4049 4049
nand 2535 4020 4020
nand 4008 409 3219
nand 3902 3023 91
nand 1331 454 454
nor 1237 1718 1718
nand 2171 1982 1982
nand 2643 2390 1451
or 1320 1609 2622
xor 3721 2067 1451
nand 3868 3150 3150
nor 1249 302 302
nor 1878 2701 3537
and 1228 2083 2304
nor 3316 23 23
and 1653 3357 2731
and 1700 2061 556
nor 3897 18 18
xor 1931 2912 3626
nand 3247 3684 3884
nor 3016 3541 3541
nor 1914 411 411
nor 2235 311 1158
nor 2468 3749 3749
nor 2180 136 136
nand 1024 2381 2381
nor 1138 2541 2842
nand 2318 2709 3528
and 2948 34 2707
or 1399 2750 2864
nand 2529 2899 2899
nand 2378 1173 162
or 1387 1852 3903
or 3715 3335 461
nor 1760 190 190
nor 2896 813 356
and 1230 1575 3359
or 3400 1165 3088
nor 1704 3939 3939
nor 1614 1670 1670
nor 2914 1311 1311
nand 2624 38 38
and 3347 1899 1331
or 2284 6 830
or 2953 2288 1337
nor 1942 2613 2613
or 2993 1325 3065
nand 3452 25 1425
nor 2974 1372 1372
nor 3863 1381 1381
nor 2874 2018 2018
or 2631 3872 1120
nor 1946 660 2149
or 3281 884 2536
nand 3698 647 3355
nor 1636 1450 3606
nand 2246 180 180
nor 2299 3781 3781
nor 2096 309 309
nand 3874 118 118
xor 1639 1367 1086
nor 1383 42 42
nand 1270 1680 2156
or 1028 3565 395
nand 2188 3440 3440
and 2576 1222 584
nand 1940 3213 914
or 4014 1445 3184
nand 3601 1144 1774
xor 1116 3947 748
nor 2259 792 3003
nor 2852 1050 2515
nand 1557 1278 2790
or 2194 1746 668
xor 3348 4048 2314
nand 3938 3552 3552
nand 2317 3290 649
nor 2020 388 388
nor 1077 2956 2956
nor 1242 1327 1855
xor 1651 2261 2512
nor 2646 2581 3546
nand 2133 33 33
nand 2494 3210 1647
or 3978 1363 493
or 1782 1049 2202
nand 1894 1152 1152
xor 4021 1872 804
nand 2071 669 2192
or 3970 188 57
nand 1205 1574 3741
and 2655 1888 3662
or 2548 3834 3026
nand 4023 2572 2572
nand 3228 229 229
nand 3441 294 294
and 3910 1498 3421
nand 1882 2296 2296
and 1209 1590 1472
nor 1488 2762 2762
nor 3188 2036 2724
nand 2266 2869 3308
nand 3336 2108 2108
nor 1179 3866 3039
nand 3923 1183 1183
nor 1106 1554 1554
nor 2632 1914 1914
xor 2996 3366 1952
nand 1352 363 363
or 2560 2422 1257
nand 2540 3013 3013
nand 4025 3771 3771
and 3250 2212 385
nor 3112 2228 2228
or 3229 2073 3078
and 3412 142 2878
nand 2072 179 179
nand 3010 323 323
and 3914 3670 1548
or 2459 2622 1671
nand 2385 3386 3386
nor 3563 3056 3056
xor 2274 374 3437
or 3176 726 2909
nand 3931 3650 3650
nand 3223 203 203
nand 1253 3808 3808
nor 3005 1453 2919
and 3098 3697 3113
nor 1900 1109 1109
nor 2854 2391 2391
nand 3392 3415 2672
nand 1480 110 110
nor 1469 1703 3327
nor 1232 3136 3136
nand 3205 284 284
nand 2660 71 2054
nand 3096 413 413
nand 3682 3017 3017
nor 1481 3546 3546
nor 3170 240 240
nor 1805 2434 2434
nand 3493 2424 2424
and 2570 3640 1472
and 2448 2787 1969
nand 1301 158 604
nand 2835 393 393
xor 3634 424 3916
nor 1330 3081 3081
nor 2334 450 2450
xor 3045 1076 2198
nor 1282 1373 4016
or 2610 921 847
and 2716 49 3756
nand 2682 744 1153
nand 3375 4013 3194
nand 2630 19 19
nor 1080 3353 3353
nor 3553 3497 3497
nand 1466 2316 2316
and 3659 3445 2516
or 3003 3325 741
and 2446 4029 1858
nand 3842 2250 2128
and 1871 1000 1093
and 3703 666 1076
xor 1290 1571 737
or 1426 2826 3638
and 3554 3862 2254
nor 3071 3000 3000
nor 2791 2054 2403
nor 2395 3706 1730
nor 3387 3343 1650
and 2363 2013 356
or 2416 91 818
nor 1723 354 354
xor 2103 3880 2596
nand 3164 3030 3030
or 1206 148 556
nor 3672 2373 2507
nand 3088 2471 2471
xor 1744 162 3255
nor 2968 246 246
nand 3423 3211 65
nand 2861 1062 2240
xor 2112 2040 1711
or 1671 2904 1014
and 3517 231 404
nor 2087 2875 211
and 2292 1249 2760
nand 3262 2789 2789
nor 2497 6 6
nor 3744 290 290
nor 1516 2961 2961
or 2177 1139 25
or 2408 441 940
nand 1616 1039 3889
nand 2967 1999 1052
nor 3364 1478 489
nor 3080 337 896
xor 4063 1599 854
xor 2963 1507 1491
nor 3895 1059 1059
and 1213 3558 83
nor 3933 404 404
nor 2827 3019 3019
nor 2871 3201 1902
nand 3934 2227 3491
nor 3939 3097 2309
nor 3853 3268 1763
nand 3968 500 1361
or 2382 952 3877
nand 2584 3514 3514
nand 2220 3995 1988
nor 2287 2365 2365
or 2680 2469 1309
or 1435 3937 1661
and 1836 3309 3199
nor 1532 329 329
nor 1238 2328 38
nor 2026 194 194
nand 3769 3004 3004
nand 2686 3588 568
nor 2591 1939 1939
and 3983 2975 3942
xor 2744 1668 949
nand 2381 1339 1564
and 1535 2350 2538
and 2052 1687 2111
nand 1098 158 158
nor 1655 3689 3689
xor 1809 633 1683
or 3009 3060 1818
or 2228 2472 3622
nor 3037 4073 4073
nor 3953 1706 1494
or 2802 3014 1576
nor 3319 186 186
nand 1157 1870 294
nand 2911 2807 964
nand 2066 2003 2003
nor 2016 11 451
nand 2498 379 379
nand 2241 1849 867
and 3764 104 2673
nand 2661 1680 1680
and 1741 1767 3097
xor 2510 1404 2170
nor 2906 2944 3458
or 3366 4052 1591
nand 1323 3528 2293
nor 2859 166 166
nand 2074 161 161
and 2831 1559 1295
and 2474 2020 2812
and 3995 2123 2324
nand 1799 120 3011
and 4093 1903 1778
nor 1690 2844 2844
nand 3608 1486 3700
nand 3741 3464 3464
nand 3263 239 239
nor 2504 143 143
or 3401 3370 3471
nand 3732 81 81
nand 2063 3894 581
xor 1802 3618 3669
nor 2444 218 218
nor 2483 2553 2553
nand 3782 1255 1255
nand 2749 1523 1523
nor 4077 1288 1288
nor 3906 1176 1345
nor 3500 1582 3531
or 1267 1099 1862
nor 1709 3718 3718
nand 2558 2891 2891
nor 3559 174 174
nand 3208 2792 2792
or 1631 1930 762
nor 1828 1099 1099
nand 1676 164 164
nand 2326 197 2190
nor 3833 3413 3413
nor 3893 3992 835
nand 1071 3846 3846
nor 1135 2131 2842
nand 1742 3100 3100
nand 3108 2171 1529
and 2572 4088 3252
or 2239 153 4088
nand 1517 3066 2307
nor 4075 197 197
nor 2823 1468 3819
nand 3199 99 99
and 2488 2079 3851
nand 3022 1566 1566
nand 4050 314 3524
xor 3508 473 1255
or 3225 1235 2904
or 2735 3103 1184
and 3394 3899 1518
nand 1317 305 3240
nand 2042 3916 2531
nor 4034 485 485
nand 1750 3052 3052
and 2867 3742 183
xor 2526 441 1468
nand 1144 245 245
and 2676 97 1033
or 2028 2303 3152
nor 1285 3867 3867
nor 3191 310 310
or 2793 859 1533
or 1537 3403 2262
nor 2149 3058 3059
and 1078 2732 1797
or 2479 3807 3549
or 1441 4076 2706
nor 2221 1673 2917
nand 4020 414 414
or 2575 3318 3511
nor 3349 495 495
or 1670 3653 1521
nand 3702 41 41
nand 2088 3723 349
or 2699 2561 1285
or 1027 949 2884
nand 4065 396 396
or 2527 1166 1002
nor 2159 3441 870
nand 1396 1130 2875
nand 2018 377 377
nand 2641 3623 3623
nor 1177 182 182
xor 3656 2585 412
nand 3158 3816 3816
nor 3532 180 180
nor 1308 161 161
nor 4015 1738 2563
nand 1167 122 2420
nor 1933 3137 1224
and 1772 868 3227
nand 1949 2519 2519
nand 1924 1214 3458
nand 2432 3309 3309
nand 3218 3922 3922
nand 3034 2937 3942
nor 1632 2456 2456
nand 2346 350 350
xor 3352 2797 2448
xor 3374 2147 414
nor 1147 3069 3069
nand 1048 312 312
nand 1843 2331 545
nor 1198 205 205
nor 2970 329 376
nor 3288 3723 3141
nand 2202 2150 2150
nand 2627 63 63
and 3756 1987 1418
nor 4062 2009 2009
nor 2865 3565 3565
or 3911 2215 3509
nor 3783 424 424
nand 2881 36 36
nand 2178 2492 2426
nand 2770 3976 3976
nand 3424 2476 971
nand 1806 914 470
nand 1807 458 761
and 2399 10 1894
nand 1294 2061 2061
nor 2402 3194 2211
nor 3697 479 479
nor 1941 3463 3844
or 1876 469 2365
nor 3679 1743 2476
nand 3332 1562 1562
nor 3059 1162 1162
nor 3097 2484 2484
nor 1660 1789 1789
nand 2604 2580 3322
nand 2151 1589 1589
and 3665 2451 1357
nand 3159 2588 1294
nand 2677 3856 3856
nor 1455 2477 803
nand 3668 251 251
nor 3779 2145 2145
nor 1609 232 232
nor 2129 2068 4053
and 1689 2157 46
nand 1804 4020 2621
or 1928 10 422
and 2162 4055 3630
nor 1907 2568 1934
nand 2217 322 322
nand 1472 2935 2935
xor 2480 1827 2773
nor 2265 1995 1995
nand 2453 2560 2560
nor 3101 138 138
xor 1044 1579 1599
xor 3068 2944 1949
or 4067 294 1100
or 1887 643 3284
xor 3917 20 719
nand 2875 121 121
nor 1234 430 430
nand 1156 1773 117
nand 3331 208 944
nand 3912 1613 1613
nand 2122 4006 4006
nand 1966 2945 2945
nor 4041 1979 478
or 3536 2636 2265
xor 2263 78 668
nand 2404 162 162
nand 1703 3853 3853
nand 1398 3357 3330
or 2886 2305 2279
nand 1518 223 223
nand 1755 1166 2360
nor 4076 497 497
nand 3217 1551 3728
and 3729 3671 1165
xor 1379 686 409
nand 2054 3306 3306
nor 2187 36 36
nor 2156 134 134
nand 2044 2109 4018
nor 2771 473 473
and 1628 2063 849
nor 1389 1087 1087
nor 1545 1055 1055
nor 1248 1884 1884
or 2928 875 1995
nand 2755 214 214
or 1140 2645 1395
nor 1645 2699 3396
or 3156 3214 3748
nand 3959 169 169
nor 1256 403 403
nand 2019 3278 119
nand 2223 1374 1668
xor 3454 160 112
nor 2704 878 3362
xor 2545 964 2904
or 2725 3626 1547
nand 1216 337 337
nor 2387 148 3967
nand 3183 2652 2652
nor 2599 749 2750
xor 2053 1295 415
nor 1088 3666 3666
nor 1846 6 6
or 1168 1125 411
nor 3492 139 139
xor 3570 2802 2642
nand 1075 2843 1678
xor 2922 3102 3797
nand 3321 3224 3224
xor 2829 1276 798
xor 2984 20 1028
or 1586 371 1612
nand 1284 361 361
xor 1511 2756 28
nor 1221 1825 3869
nor 2343 344 344
nand 3828 318 318
nor 2525 112 112
nor 2305 1742 1742
and 2949 690 3992
nor 2880 1908 1908
nor 2027 1998 1998
nand 4086 2273 2273
nor 2184 115 115
or 2667 551 1213
and 4000 1139 1328
nand 2536 1943 1943
and 2790 2084 201
xor 1533 2261 863
xor 1983 3698 2396
or 1504 3886 3985
nand 1754 1149 1149
nor 3306 2058 2058
xor 3346 951 2251
or 2412 3434 721
and 3371 3709 1210
nand 2121 1830 3240
nand 1691 2044 2044
nand 2309 3444 3444
nand 3102 2612 2612
xor 2991 3727 2200
and 1279 1445 1407
nand 2236 113 113
nand 3025 330 330
or 2314 1061 3218
nor 2009 2318 2318
or 3973 2964 1688
nand 3778 136 42
or 2183 922 2042
nand 2519 3425 3349
or 1143 527 4003
nand 1130 391 391
or 3691 3607 1848
nand 1961 514 761
or 3272 3613 1045
nor 3384 4074 1750
nand 1827 3275 3442
nand 1465 2345 268
nand 3580 3138 3138
and 3716 765 308
and 1245 2237 3493
nor 2110 31 31
and 3988 2610 3655
nand 3237 1509 1509
nor 1091 407 407
nand 1875 1869 1422
nor 2338 3275 3275
nor 1163 2743 2743
or 1912 31 1412
or 3826 1362 3920
and 2051 1356 1229
nand 4052 1403 1403
nand 1239 1993 619
nand 3943 3614 2487
nor 3216 4044 1375
or 1370 2589 3517
or 2797 2745 2780
nor 2429 109 109
and 3487 3187 3730
or 1997 2808 3094
nor 1869 1164 1709
and 1602 1452 2364
or 2621 2854 3662
xor 2856 566 3022
or 1332 2671 870
and 2985 2582 3516
nor 3591 201 201
or 2942 2192 1252
nor 1145 3531 3531
nor 1845 2689 2689
nand 1300 1756 2356
nand 1630 221 221
nor 2825 198 198
or 2478 1496 3312
nand 2972 241 241
nor 3818 2833 2833
nor 3645 2905 2673
nand 1508 3490 3490
and 1073 668 1752
nand 3808 2042 2042
or 2784 2385 367
xor 3886 954 807
nor 2421 3906 3906
and 3496 2302 1153
and 2024 1784 1433
xor 2499 3217 974
nand 2447 334 334
nand 1770 1514 3822
nand 1478 1440 2637
and 3012 1385 2914
nand 3465 320 320
xor 1219 2417 2348
xor 3675 3156 3850
and 1563 459 1488
nor 2270 1204 1204
xor 1960 1786 1655
and 3122 1559 208
nand 2466 2742 2742
nand 3522 3211 3109
and 3967 2169 818
nand 2369 3574 3574
or 2077 2362 2584
nor 2893 1237 1237
and 1793 3925 2107
and 1619 3079 370
nand 3707 1837 3139
nand 1222 474 474
nor 2123 2014 2014
xor 1814 1460 3850
nor 1701 3801 2601
and 2640 3737 1357
nand 4085 2135 2135
nand 2362 399 399
nor 3690 478 478
and 2368 2058 871
nor 3572 1106 1690
nor 3521 3636 2794
nand 1464 3059 2838
nand 1956 1943 3989
nand 1999 372 372
nand 2813 123 123
nor 1306 189 189
and 2678 728 3696
nand 2396 1356 85
nand 1635 2298 1847
or 1998 1625 3141
nand 1550 340 340
nand 3792 1923 1923
or 3724 2102 1111
nand 1993 65 65
or 2424 2862 3289
nor 2588 2699 2699
nor 2561 3011 3011
nand 2354 1658 1658
nor 1049 2685 3195
nor 2698 331 331
nand 2809 293 293
or 3840 1506 976
nor 2954 593 847
or 3987 1703 747
nor 2726 3119 1821
nor 3245 3979 3979
nand 3795 417 417
nand 1039 1123 1123
nor 1445 240 240
nor 1686 380 2939
nand 1585 3266 3266
nor 3960 59 59
or 3651 1491 1298
nand 1068 100 100
xor 3660 434 1195
nand 1446 48 48
nor 1720 3239 3239
or 3742 2397 1077
and 3507 2894 889
nand 2850 2390 3141
nand 1033 371 371
nand 1286 317 317
xor 2614 3414 1576
nor 1817 1025 1025
nand 1070 1616 1616
nand 1739 3571 3975
nand 3689 1483 1735
nor 3962 3742 3742
nand 3662 1973 1973
nor 1386 742 3932
nor 3799 3632 3632
and 3335 1045 2071
nand 2097 3122 1868
or 2990 2596 2351
or 3464 4019 2462
nand 2665 1468 107
or 3330 3109 188
nor 1859 1340 899
nor 1034 1837 57
nand 3160 1784 1784
nand 1443 1988 1988
nor 2950 2588 2306
and 2679 3780 1773
nand 2323 1729 1703
nor 1251 3713 3713
and 2137 2809 707
nand 2707 4080 373
nand 2303 3859 3859
nor 1577 470 470
nand 2371 1848 1253
nor 3965 2770 2770
nor 1658 129 129
nand 3880 2577 2274
nor 1086 2728 2728
nor 1674 112 112
xor 3197 285 2808
or 2117 3046 2430
nor 1310 2478 2478
or 3604 2845 3923
nor 1277 9 9
xor 1722 1233 1967
and 3573 1195 3366
nor 3354 1864 1864
nand 3488 2346 2346
or 3667 2944 3454
nand 3092 2121 2121
and 3937 3572 236
nand 1451 287 3819
nor 3446 382 3983
nand 2327 644 4015
and 3586 154 394
nor 2637 1086 1604
xor 2233 1825 808
nand 3781 476 476
nor 2556 3616 4076
nor 1862 2723 1241
and 1751 2915 2112
xor 1066 2006 2443
nand 3562 1464 1464
nor 2189 37 37
nand 3529 3083 3083
or 3344 2074 2451
and 4002 2994 3037
nand 2506 2039 3329
or 3520 3954 3747
xor 2649 292 2062
nor 1074 157 157
nor 1417 3832 3832
and 1944 3777 2340
and 1102 1921 3555
nor 2031 1478 1478
nand 1736 415 1662
nand 2321 1144 317
nor 2760 2251 2251
nor 1439 1154 1031
nand 3277 1098 2731
nand 3246 1027 3199
and 3132 2488 3723
nor 3891 722 1461
nand 3700 487 487
xor 1685 73 3301
nor 1541 1062 2315
or 3734 1333 1711
nor 2577 3644 3644
nor 2456 2625 2625
nor 3422 2283 2080
nand 1241 43 43
and 1484 154 1621
or 3253 2587 1766
nor 1858 2536 3143
nor 3966 3980 2550
nor 1951 1466 2405
nor 3395 1381 1099
nand 2926 800 333
nand 1752 226 226
nor 2226 39 39
xor 2834 3849 3257
nand 2634 1815 2382
nor 3291 95 95
and 3363 275 353
xor 3540 310 3796
or 2427 3389 1297
nor 3150 4014 4014
xor 3587 262 1373
and 2543 3251 277
or 3545 3597 551
or 3776 1541 3451
xor 1264 1026 2462
nor 1056 3292 3292
nor 3884 2396 2396
and 3255 3349 1721
nand 2008 2831 2831
nand 2837 1864 720
nand 1706 1115 1115
or 2089 2436 3312
xor 2521 573 53
nor 3921 1754 3419
nand 1109 448 448
nor 3652 3997 3997
or 3505 2898 1616
nor 3649 138 138
nand 3611 3474 3474
xor 3299 36 859
xor 3153 3142 2673
nor 2032 2707 3170
nand 3468 2970 125
nor 2106 931 1811
or 2805 3569 954
xor 3445 269 3990
xor 3411 3647 1612
nand 3901 14 14
or 1702 2236 2135
nand 3390 2889 2889
nand 1342 2891 2241
nor 2084 1466 2224
nor 3119 2414 2414
xor 2566 536 4026
or 3757 1195 1226
nand 1509 1654 1654
nor 1988 2486 2486
nand 4032 2418 2278
xor 3380 2428 261
and 2766 1713 1221
xor 1058 459 2252
or 3883 2266 879
and 3360 1749 2011
nor 3738 99 99
xor 2460 362 2079
nand 1302 4033 4033
and 1208 732 733
xor 3720 508 3135
nor 4091 1828 3944
xor 2022 2096 3683
xor 1281 1673 1912
or 4084 1638 397
and 2355 3419 2848
nand 3355 1199 1199
nor 1735 447 447
nor 2086 2787 1079
and 3279 1111 2925
and 1053 3051 3168
nor 2898 3600 3600
nor 2138 30 30
nand 3328 1580 897
nor 2257 35 35
nand 2139 1729 1729
nor 2943 109 109
nor 1684 471 471
or 3275 1266 3563
nand 2212 1249 1215
nor 1947 43 43
nand 3058 199 199
nand 2341 5 3181
nand 2062 3217 3217
nand 2822 510 2976
nand 1734 327 327
nor 1821 1862 1862
nand 1341 3916 732
and 1360 3621 3991
nand 3705 1211 1211
nand 2710 2611 3052
xor 1538 277 1232
nand 1863 2421 1379
nand 1497 2320 2320
nor 2847 3606 3606
nor 3549 3593 3593
nand 1315 79 3788
nor 3737 82 82
nand 3136 16 75
xor 2340 1868 2536
nand 1316 1861 1861
nor 1662 1421 1421
nor 3257 439 439
or 3811 2952 560
xor 2782 1047 1713
nor 1486 2045 2045
or 2118 501 3645
nor 4045 586 204
nor 2261 2168 3388
and 2675 1532 1253
nor 3440 3796 3310
nand 3723 1517 1517
nand 1369 84 2679
nor 3083 3430 2748
nor 2511 370 370
or 2785 805 2206
nor 3410 278 278
nand 3469 409 409
nand 3503 221 33
nor 3837 2036 3612
nor 2777 3725 198
nand 3233 164 1963
nand 2596 2508 2508
nor 3806 1434 1434
or 2440 1410 1271
nand 1459 3377 3377
nor 2484 3414 3317
nor 3617 3022 2165
xor 3481 2437 2041
nand 1526 149 149
nand 3236 271 271
or 2191 672 943
or 2125 3412 2972
nor 3681 487 3864
nor 1051 13 13
nand 2013 868 3703
nand 2866 1410 1410
nor 3252 3409 3409
nor 2330 1395 2838
nand 1085 504 504
or 2554 2460 1955
nor 2080 74 74
nand 4019 3799 3799
or 3999 1823 3259
xor 3311 4092 166
and 1190 52 3926
nor 2211 3434 3434
nor 1561 410 410
or 1718 3463 2324
nand 1095 2398 3197
xor 3946 905 2773
nor 2774 200 200
nor 1032 2802 698
nand 3872 1644 2360
nor 3638 312 312
nand 3876 2445 3009
nor 2873 319 319
nor 2415 3681 2798
nand 1050 125 125
nor 3359 261 261
and 3773 927 711
nor 2821 3633 2868
nand 1625 3875 3875
nand 2909 2693 2693
nor 2356 1374 2992
and 3820 2810 94
and 2951 3323 1615
or 3745 1433 628
nand 2422 2671 2671
nand 2252 2605 2605
or 1877 810 716
nor 3593 458 458
or 1610 3148 2643
nand 2349 1256 1256
and 3376 736 936
nor 1769 4080 4080
nor 3334 122 122
nand 1327 1884 2912
xor 3829 1071 2978
xor 2225 182 569
nor 1606 228 228
nand 2694 150 150
nand 1062 1212 1212
nand 2992 2009 956
nor 1852 982 1915
nor 1297 322 322
and 1390 4053 152
or 1490 3878 1678
nand 1958 107 1919
nand 1418 30 30
or 2146 1805 698
nor 3613 1748 1748
or 1761 1098 4081
and 3514 3316 101
xor 2872 1609 828
and 2819 687 2793
nand 1880 86 86
nor 1337 1070 1070
nand 1591 2411 2411
and 1728 2372 605
nor 3358 69 69
nand 3775 2046 2046
nor 1492 2339 2339
and 1980 3347 1203
or 3957 735 1069
and 3762 2612 2652
nand 3922 3401 3401
nor 1544 3488 2535
xor 3091 21 2018
and 2152 1536 13
nand 3203 3827 2906
xor 2691 523 1356
nor 1197 75 75
and 3506 2455 2198
or 2308 381 1084
nor 3576 1656 1656
xor 2419 3312 1917
nor 1275 3614 1998
or 1592 3127 672
nor 3457 237 237
nor 4046 3708 3047
nor 3066 2661 3535
nand 1187 281 281
nor 3303 17 17
xor 1775 871 2677
or 3666 3278 2138
nor 1692 47 47
nor 3926 178 178
nand 2438 1607 163
nand 4029 355 355
nor 3027 3469 3469
nand 3583 3203 3203
or 3474 1660 1750
and 1554 1648 2104
xor 3726 3657 2042
nor 2145 1122 1866
xor 2218 4007 1070
or 3637 288 713
nand 2278 116 116
or 3752 454 3774
nor 1647 3159 3159
nor 2742 1851 1851
nor 2997 843 594
nand 3567 1556 2904
and 2863 2274 142
or 1872 2351 816
nor 3297 32 32
nand 3187 3914 3914
nand 1092 275 310
nand 1152 2389 77
nand 3565 352 352
and 3169 3625 95
nand 2472 102 102
nand 2900 1334 1334
and 3039 2960 1756
nor 3181 146 146
nand 3919 326 326
nand 3241 2517 2802
or 2158 3093 3321
and 4061 1192 629
nor 1224 3999 3999
nor 3812 3293 3293
nor 4049 135 135
xor 3585 387 1886
or 3266 3769 3285
nand 1994 1786 1786
or 2573 1601 1442
nor 1682 345 345
nand 2764 132 132
or 2615 2346 2200
nor 2995 3849 3849
nand 3414 2807 2807
or 3635 2446 5
nor 3862 1243 1526
or 2980 1503 1962
and 2753 2981 2495
nor 2524 1779 633
nand 1064 155 155
nand 1185 1351 1351
or 3751 2856 3391
or 3235 3154 3146
nor 3140 229 229
nor 2919 3139 3139
nand 1536 406 406
nor 1520 3691 1943
nand 2936 2337 2952
nand 3149 3284 3284
nand 2373 4034 4034
nor 2938 3452 3452
or 1524 601 2320
nand 3239 373 373
and 3442 2386 275
nor 3896 60 60
nor 1514 394 394
nand 3436 2784 1709
nor 1146 1407 1407
nor 1133 2644 2644
or 2563 2273 1223
xor 1430 1929 1482
nor 3822 2924 2924
or 1569 929 3914
nand 2214 30 997
nand 1732 2476 474
nand 2748 1623 1623
nor 1710 3603 3485
or 2119 782 726
nor 1412 1192 3965
nor 2014 3931 1967
and 1202 227 325
nor 1936 2965 2965
nand 2644 3227 3227
and 1719 3837 186
nand 1601 2826 2826
nand 2738 2402 2402
nand 2603 267 267
and 3258 3390 3317
nor 3928 341 341
nand 1813 2164 2164
and 1173 1337 907
nand 3597 1068 1068
nor 2857 2708 2708
nor 2571 304 304
xor 1388 4093 3692
and 2817 2621 266
and 1271 3603 3006
and 2291 133 163
nand 4013 466 466
nor 4006 482 482
and 1840 1153 1503
nand 2245 2504 1143
nor 1319 415 389
or 2897 443 2322
nand 4033 2794 2794
or 3135 1209 513
nor 1766 87 87
nor 2493 176 176
and 3353 3221 29
xor 3054 2802 3546
xor 2230 1358 2974
or 1964 1302 2760
nor 1473 2467 2467
nand 3861 505 459
and 3087 3611 2735
nand 3998 688 886
and 1153 2174 2799
nor 1026 3936 3936
or 2651 568 784
and 1661 4025 3488
nor 1905 1627 1627
and 4051 2215 57
xor 3399 2813 3561
nor 3905 2327 1147
and 3004 1850 1534
nor 2249 3103 3837
nor 2531 2117 2117
nor 1474 1531 1531
nand 1214 106 106
nor 2307 3187 3208
or 2114 2013 1567
nand 1743 1599 3727
nor 2048 611 4066
nor 1679 171 171
nand 4060 280 280
nand 2167 3823 3132
nor 1461 232 232
nand 1226 2348 2348
nor 1576 1310 1310
and 3459 616 447
nand 3023 247 247
nand 2454 2886 2886
or 3627 539 2234
or 2509 2287 2094
xor 1427 3749 3691
nand 1839 3298 4066
and 3226 1623 3531
and 1304 1021 2239
nor 3669 222 222
nor 3161 1399 1399
or 2930 3253 3261
nand 2481 217 217
nand 3535 2617 2617
nor 3317 3390 3390
nor 3289 4057 4057
nand 2616 295 2036
and 2969 2841 4067
nand 1408 2182 257
nand 1919 3166 3166
nor 2281 2352 2901
nand 2907 381 381
nand 1861 0 0
nor 1885 3906 3697
nand 3166 2072 243
nand 3589 2511 2511
nand 3809 455 455
nand 2035 4091 1432
and 2587 242 3560
or 1291 1302 1294
nand 3105 3683 2352
xor 1794 3890 1192
nor 1326 3641 3641
nand 1986 3208 3560
nor 2276 62 62
and 3124 2071 1244
nor 1844 3792 1253
or 3367 1111 558
nor 3114 2543 940
xor 2105 2592 3016
nand 3377 2994 2994
nand 2619 2169 2169
nor 4059 2188 1934
and 3619 108 1663
and 1910 1319 677
and 1174 1662 4010
nand 2222 3798 2049
nor 3184 3725 3725
nand 3357 1516 1516
nand 1351 1816 1816
nand 1119 1223 1223
nor 3787 1698 3126
and 3434 3588 2068
nor 2567 144 144
xor 3116 942 1814
nor 2324 2763 2763
nor 3230 1376 1376
nand 1378 455 2362
or 3903 2974 2420
nand 3341 1095 720
nor 4081 248 248
nor 1649 3492 848
or 2887 1627 1509
nor 3127 2742 1991
nand 3972 1663 1663
nor 3622 1965 1965
nand 4027 2190 3382
nand 4048 2908 2908
nand 3365 1778 3344
nor 1818 175 175
and 3888 406 1661
nor 1831 1379 1767
or 2227 3234 1218
nor 1442 3402 3402
nor 3537 2764 2764
or 1911 3549 2666
and 1293 44 917
and 1673 984 3697
nor 3935 2193 460
nand 3070 2268 2268
xor 3078 3419 4032
nor 3743 25 25
nand 3323 3476 3476
xor 2336 1843 535
nor 2132 288 2656
or 2056 2334 1678
and 1952 3610 1719
nor 2079 382 382
nor 2550 2151 2151
xor 3986 1987 655
or 2141 46 134
or 2600 3263 4060
nor 3867 3447 3447
nor 1483 427 427
nand 2272 2884 2884
and 3550 914 899
nor 3137 3271 3271
or 3616 1632 3302
nand 2389 3894 3894
and 1930 3566 3035
or 3120 2865 3245
xor 2116 4034 108
nor 2425 2641 1009
xor 3605 1541 375
nor 3075 496 496
nor 3171 210 210
nor 3640 2123 1624
nand 3204 767 755
or 2449 2134 3783
and 1114 55 877
and 3168 2771 2062
nand 1888 2796 297
and 2021 2404 1203
nand 3711 3674 3674
nand 3174 1201 3387
nand 3907 2220 3378
or 2804 2390 1163
nand 1196 57 57
nand 2870 3499 1481
nand 1573 3862 3015
nor 3887 3354 3354
nor 2844 500 500
nand 1593 1404 1541
and 1067 2569 1881
nand 2820 3609 3609
and 2917 3103 100
nor 2981 3140 1251
nand 2538 315 315
nor 1849 1214 1214
nor 3839 397 3128
nand 1363 481 481
nand 2659 970 3834
nor 3807 1578 1578
nand 2037 2011 2011
and 3542 3449 288
xor 3062 1322 1949
nor 2503 2 2
nor 3327 3812 3812
nor 3490 475 475
nor 2360 2321 2321
nor 1617 3276 3276
nand 1855 3052 3823
nand 3684 367 367
xor 2393 252 34
nor 2269 332 3121
nand 2293 190 614
nand 3771 2158 2158
or 1927 3101 2842
or 2002 3283 2806
nor 2487 3044 3044
nor 1298 139 139
nor 1335 445 445
and 1705 3446 169
nor 3419 190 190
nand 1790 376 376
and 3856 2847 2796
nand 1362 3427 3427
and 3844 1587 800
nor 3870 24 2372
nand 1195 3539 3539
xor 2876 1167 3089
nand 3654 1517 331
nand 2491 70 70
nand 1967 2565 2565
or 3254 2251 3151
nor 1148 1800 1800
nor 2253 27 3280
nand 2126 2785 2914
nor 2508 3850 2525
nor 1553 209 209
or 1596 228 3168
or 1038 3099 3407
nor 2397 2213 2213
nand 2609 4094 4094
nand 2107 3863 3047
or 1590 1545 1233
nor 3758 2176 2176
xor 1283 3396 342
or 1663 3337 1026
xor 3249 1812 277
nand 1974 490 490
nand 1771 1867 1867
nand 2485 1352 1352
nand 2956 499 499
nor 1349 175 593
or 3256 142 1071
xor 3379 1742 2301
nor 1201 443 443
nor 1540 594 3359
nand 3301 56 56
and 1788 2213 224
xor 2359 2652 729
nor 2120 3284 3537
nor 1425 3673 3673
nor 3094 1474 4069
nand 1866 3023 3023
nand 1296 1480 66
or 2361 3043 1045
nand 2039 2902 2902
nand 1730 3953 3953
nand 1401 295 295
nand 2612 431 431
and 1419 745 1006
nor 2864 4040 4040
nand 2589 1458 2637
nor 3706 1457 1457
nor 1444 3506 3506
nand 2410 3724 3724
nand 1215 92 92
nor 3642 236 236
nor 2964 2676 2676
nand 2862 1491 1491
and 1498 3582 168
nor 1857 1361 1361
or 2161 2677 3901
nor 1506 3691 1016
xor 3305 1762 2419
nor 1227 1412 1412
nor 1336 157 157
xor 1787 3304 2187
and 2853 2075 607
xor 1260 841 3874
or 2347 573 1374
nand 1929 3692 2338
and 2751 2351 1693
nor 1057 1258 1258
or 1780 87 902
nand 2754 2375 2375
nand 2215 3628 3628
nand 2929 237 130
nor 2017 1009 817
nand 3152 493 3704
nor 1456 227 227
or 1953 1416 124
nor 2240 3831 3831
nor 2904 2559 2559
nand 3643 2052 2052
xor 3774 3167 2352
nor 1856 2754 1874
nor 3418 10 10
nor 3646 237 3247
or 3024 1105 1336
nor 1112 2332 233
nand 1055 3790 3790
nand 1199 220 220
nand 1820 1727 1727
and 1542 723 3457
and 1181 1603 3621
nand 3055 224 224
nand 2592 2223 2223
nand 2701 114 114
nand 1178 244 3795
nand 3467 3676 3676
xor 2244 2393 3832
nand 2924 98 1391
nor 4037 781 1623
nor 2418 469 469
nand 3704 1568 1568
and 3712 1093 2607
nor 2275 2798 1714
nand 2607 3788 3788
xor 2669 3176 665
nand 2618 282 282
nor 3805 1276 1276
or 2383 1171 2350
nand 3524 425 425
nand 3825 1054 3435
nand 1781 94 94
xor 2756 2735 2821
nor 1607 1893 1893
xor 3515 3954 791
nand 1268 286 286
nand 1353 1926 1926
xor 2706 314 3796
and 1409 2583 2233
and 3791 3704 2483
nand 2476 234 190
nor 2839 1302 533
nor 1278 1958 1958
or 1556 312 120
and 3979 81 3704
nand 2608 3853 4093
nor 2375 2802 2802
nor 3557 3781 230
nor 1365 2778 2469
nand 1083 1090 1090
nand 2944 3924 3924
xor 3131 2007 1995
nand 3920 2920 2920
nor 1842 5 5
nand 2759 432 432
nor 3511 3864 3864
nand 3854 2933 2933
nand 1347 653 943
or 4003 4064 1594
nand 2328 2781 2781
and 1377 1749 2436
xor 1764 731 1645
or 2606 1344 1867
nor 4004 1166 3073
or 1126 1537 2453
nand 3955 452 452
nand 1164 3958 3958
or 1259 2786 741
nor 1233 3232 3232
nor 1627 2398 2514
or 2789 1057 2366
nand 2268 53 1970
nor 2430 3189 3189
nand 2708 91 91
nor 2165 270 270
nor 1570 2558 2642
or 3673 3833 3489
or 1884 3589 1461
nor 1572 1974 1974
and 1677 1727 3526
nand 2196 307 1929
nor 2975 3620 680
nand 1935 266 266
nand 2439 141 141
or 2794 3178 1725
nor 2313 2266 2266
nor 1756 3974 3974
nand 1712 3247 3247
nand 1562 477 477
and 2311 1991 1546
nand 1529 2512 2512
xor 2282 3123 1464
nand 2889 153 3070
xor 3393 3777 1801
xor 1358 1352 1865
nor 3718 44 44
nor 2473 158 158
nand 2761 421 421
nor 1124 2314 2314
xor 3596 2835 1207
and 1955 3895 2332
nor 1982 2814 2814
and 3830 2731 1207
xor 3483 1653 864
nor 2915 90 90
nor 2638 2421 3871
nor 3053 244 244
nor 1171 38 38
xor 1380 27 2101
or 4028 3107 3643
and 2781 1932 1922
nor 2279 2622 2622
nor 1246 1535 3723
nand 3107 1602 1602
or 3351 2078 2369
nor 3211 305 305
nand 1581 159 159
or 3472 1182 1735
nand 1350 1147 1595
nand 3304 61 61
nand 1853 2557 3972
nor 3633 1921 1921
nand 2894 2967 2967
nor 3908 483 483
xor 1519 3090 253
nor 3320 3820 3820
nor 1664 3358 973
nand 3989 3564 3564
nor 2934 4030 2139
nand 2807 15 15
nor 3551 3705 427
nand 1716 1396 1396
nand 2090 508 508
or 2216 3476 1056
nor 3498 169 169
nor 3322 191 191
or 1992 1915 1577
nor 1565 3053 1967
or 1193 3941 3294
nor 2199 4000 4000
nand 1648 351 351
nand 1753 3649 2332
nand 1515 892 2766
nor 4082 343 343
nor 1229 3714 3714
nand 1257 2823 2823
or 1637 70 122
nand 3571 383 383
or 3110 2645 304
nand 3298 362 362
nor 3871 1363 1363
nand 1962 3546 2138
nor 1740 2601 2601
nor 1646 73 73
nand 1934 3022 3022
nor 1731 1414 2227
or 2523 1029 915
nand 2100 41 41
nand 3848 2505 3173
nor 3103 174 174
or 1727 1758 1937
xor 1915 3361 5
nand 1458 3664 3664
nor 1779 1094 4048
xor 3466 3154 3214
nor 1823 4093 4093
nand 2148 3992 3992
nand 3391 1207 1207
and 2111 2778 2474
nor 2200 4084 5
nor 1436 2468 2791
nor 2681 927 1342
and 3663 2569 3179
nor 1551 1891 2741
nor 1874 2564 2564
or 1575 1133 1333
or 2816 1880 2974
nand 1344 235 235
nand 1963 364 364
nor 1767 58 58
nor 1650 301 301
or 3788 3173 3576
nand 1089 1248 1248
and 1280 2 57
nand 2168 178 178
nor 1815 172 172
nor 3947 3925 3925
nor 1665 1473 2339
nor 1891 1577 1577
nor 3148 513 1271
or 3461 499 3156
nand 3918 2244 3179
and 4017 848 3386
nor 3630 3244 3244
or 4047 3041 184
nor 3603 2232 2232
nand 1182 27 27
nand 2470 2111 3008
nand 2966 160 160
and 1582 515 478
and 2765 2090 3075
nand 3631 2506 2506
nor 3722 1945 1945
nor 3735 2628 2628
or 3042 1353 1813
nand 3568 1553 3818
and 1288 2226 1587
nor 3650 2037 1337
nand 2160 1159 2235
xor 2010 923 540
nand 2130 3772 1343
or 2406 3297 3926
nor 1437 21 21
nand 2962 2215 2215
nand 2636 3854 3854
nand 2642 3583 3583
and 1748 1980 184
or 3817 1002 754
or 1065 3928 3624
nor 2658 10 3378
or 2076 2381 534
nand 2256 1299 2607
nor 3421 3055 3055
nor 1160 2563 2775
and 2394 122 582
nor 2417 2732 21
nand 3439 253 253
nor 3728 2354 3705
nor 1757 2535 3939
nand 2590 147 147
nand 2298 264 264
nor 1400 1415 1902
and 1373 3744 1532
nand 1641 502 502
nor 2043 3514 1438
nand 2787 832 165
nand 1847 127 127
nor 2443 8 8
or 1247 384 3332
nor 2325 2753 3534
nand 1165 1091 1091
nor 3687 259 259
and 2670 1 3642
nor 2213 463 463
nand 3190 325 325
nand 1151 328 328
nor 2598 1821 2167
