2178 180 180
1778 1437 3538
2893 1196 3272
2448 373 373
3816 232 3630
2882 466 466
3982 271 1744
1551 508 508
2983 1803 3420
2349 1840 1840
3064 473 1621
1148 2592 1139
3141 127 127
2784 22 22
1554 391 1266
3297 1748 3534
2359 1513 3300
2156 1655 1870
2318 1802 1802
2251 2559 3789
2870 368 368
3451 2203 2203
2004 2684 1580
2491 2415 2454
3829 403 403
1815 3645 2574
2433 1420 1470
1051 97 97
1347 409 409
1973 277 2555
2088 25 2675
3882 1282 1282
3571 157 157
1590 1610 1610
3761 679 965
1745 251 186
2924 3727 3411
2650 1469 2992
1944 196 1819
2944 2056 3179
3120 2214 678
2040 2063 2253
3668 3452 3452
2414 412 412
1039 2098 3541
1320 2029 2570
3072 3063 1060
3903 242 3974
2007 3518 835
1232 2360 2360
2936 1796 2015
2425 3288 3782
2628 1173 3785
2856 2412 256
1053 3293 3293
3702 2130 1769
1881 280 241
1433 694 886
4032 1687 980
1922 1383 1443
3902 2673 2877
3153 250 250
1145 2141 2141
3380 825 1112
2333 4052 24
1108 3415 88
2964 2869 2965
1992 3281 1847
3152 274 274
1743 2337 2579
3260 2169 2454
2720 4088 2893
3453 1487 1499
2484 3000 3000
3085 1048 207
3243 377 377
3414 2864 2165
1405 559 2421
1306 140 140
2473 4073 1737
4081 2508 1699
2225 63 1023
1499 1429 791
3480 804 493
1979 179 1932
3552 1836 1544
2612 529 515
2310 294 3029
2377 365 365
2544 2127 1422
3340 2741 2741
2535 130 130
1415 3379 3379
3847 332 332
3586 1449 1795
3554 1732 1299
2545 388 1433
3471 100 100
3302 3113 3113
2472 281 281
3437 500 3876
1223 225 225
3051 493 493
2383 29 1227
3486 363 291
3658 1355 761
2791 1768 3803
3908 468 2012
1958 1513 1373
2927 479 1758
2667 3690 3690
3029 386 386
2494 3502 4095
2933 650 896
3116 2758 323
1964 2531 2531
3600 218 2510
1341 1801 2174
2811 2498 2698
2025 3900 4024
1614 4010 4010
3249 338 338
2694 1445 2418
3373 101 1733
2785 3547 3547
3434 1926 1926
2052 258 2768
3653 3114 3206
3272 3242 3242
1423 2164 10
1470 2739 3470
3815 853 1721
1915 45 45
1896 661 2651
1176 2765 2765
2282 3775 3775
2982 2257 2324
1903 168 1674
3013 3868 1836
2423 131 102
1735 99 99
1480 919 1559
1545 1466 1139
2100 162 675
2329 2788 2154
1940 2361 2777
2376 790 350
3853 2671 254
1756 3657 9
3877 692 3759
3691 2885 3466
3168 2647 2647
3529 1134 1256
3090 1825 1825
3989 1561 1561
1052 1370 1116
1850 2278 1388
3387 1212 1445
1535 382 2090
3318 1120 1120
1670 3177 3177
1665 3324 1781
3139 2858 2858
3548 432 1105
2853 2749 1479
1821 876 2695
3026 3843 1735
2668 689 733
3052 340 340
1503 2957 2957
2957 3801 1305
1762 1124 1675
2778 1725 1725
1518 3499 3499
1568 399 399
1728 3294 2552
1279 1385 1136
2779 2817 3971
2380 2889 530
3446 1119 1119
2099 3625 470
3983 1210 1354
2064 3805 3805
1319 367 367
3629 364 364
2435 1830 2292
3557 449 449
2847 257 257
3354 1106 1670
2503 3641 2810
3447 1027 284
1489 1271 1329
3639 1972 1578
3244 400 400
3737 3304 2328
1105 2771 836
3518 77 3496
3240 3940 3931
3421 3800 3800
2177 3235 3235
1168 1041 1836
1837 2621 2621
3257 2576 3838
1472 2821 2065
3131 2338 3462
1055 273 273
1576 371 371
1077 3225 3225
2587 289 1223
3179 3443 2860
2186 205 205
3830 1258 1715
1078 3196 4035
3079 117 2769
3007 341 341
2626 1100 3350
2836 2995 301
1215 425 2097
1720 3340 1538
3419 1257 3540
3849 3534 3188
3281 4069 2494
1349 3290 3290
1616 385 208
3134 474 474
1428 1389 1191
2118 273 2847
2319 765 3602
2500 1747 2529
3599 67 67
2913 3949 3949
3305 2304 378
3469 3760 3760
1241 3613 3701
3637 3686 3299
1190 3109 1039
2755 2982 1635
2304 505 505
1877 2777 3325
4035 1415 688
3427 2616 2616
1744 89 89
2316 3103 3103
2082 2295 4023
2564 68 141
2353 3434 1096
3885 1712 487
2792 3421 37
1446 1239 2542
3579 2286 1263
2989 1808 473
1244 1512 2572
3183 223 223
1520 1112 1112
1123 670 1346
2432 2846 2447
2009 1155 286
2953 1176 1710
3112 1944 1944
3122 2020 904
3625 2690 288
2820 2015 3129
2608 2152 314
3898 2680 2504
3121 3311 3311
2990 2674 1688
1240 1352 3185
1056 356 356
2002 3720 162
3009 3875 2538
1345 1541 3846
1617 316 316
1160 3356 1944
3822 2761 2761
3899 288 288
3397 3575 2657
1660 2971 3105
1421 7 7
1385 1994 3584
3426 2209 2629
3145 1025 2528
1810 624 3810
1435 3430 3300
1451 396 2897
1853 942 818
3132 3138 1535
1307 438 2008
1224 89 3629
1422 1723 3246
3460 2643 2265
3844 2562 2765
1468 3881 2949
2829 2582 339
2783 519 1780
2342 2066 197
1441 2839 3686
3664 1809 1809
2285 3713 2241
1462 3640 15
1631 602 3892
3944 571 395
3924 85 1924
2671 1378 1378
1587 1295 913
3676 476 476
1382 2372 1881
2742 415 415
1162 307 307
2456 2474 3767
2466 2079 1976
3212 1863 3470
2557 2179 2578
1086 418 418
3265 3080 3143
1938 3037 2734
2361 3621 2351
1386 34 34
3062 3298 243
3739 2779 253
1537 1084 1084
1463 255 255
3105 1313 1313
2639 3279 3279
2969 2726 3900
1305 2878 2878
3758 1045 1045
3547 1245 1077
2920 117 1555
3298 4023 4023
2745 936 3433
3455 121 121
3927 1651 4072
3971 3884 3884
1574 2050 3758
1790 436 436
1317 2971 3169
2037 3557 1242
3057 1532 1532
1170 4011 4011
3544 2027 217
3751 3441 3659
3399 244 3732
2492 2434 1074
3151 355 355
1454 3087 2072
3997 454 454
2947 618 1317
2703 3044 2173
2606 2676 140
2388 754 3571
1042 1202 193
3900 2781 2781
2424 1076 3462
3097 81 81
1921 1041 1526
2563 1438 1571
4015 2256 1176
3623 260 3711
4060 340 1705
1114 30 3427
3210 2116 415
2062 199 199
3020 2719 2259
1902 1114 1114
3027 2556 2556
3701 3307 3307
1179 2061 2923
1327 151 3548
1800 1216 2660
2507 1753 2555
1299 1918 1918
3407 474 1717
1876 187 187
1026 2460 1793
1184 1723 2833
3675 1311 3155
1417 1053 2367
2653 2305 1739
2343 443 1778
1725 1619 80
1742 4078 1109
2301 3011 2351
2480 2705 2705
1398 175 2147
2620 728 3395
2489 3100 1788
3117 1 1
1766 857 777
3439 981 3231
3074 2492 2492
3621 1126 2882
3880 1422 3524
2163 323 323
1758 1270 126
2687 2626 1672
2213 1886 120
2224 915 812
3390 2053 1921
2173 3342 1645
2523 760 3634
1228 571 2824
2265 460 460
3498 286 286
2732 1185 1194
1197 3813 141
2631 2132 1186
1558 210 210
1926 3523 2970
1408 2058 1453
2191 37 37
1238 2614 1758
1663 94 94
1694 1286 801
3332 152 152
2022 479 479
1235 98 1636
1573 2278 2017
2677 2895 2895
1394 2164 4071
3468 3716 3716
1511 3743 1064
1107 3298 2878
3164 1380 2650
2185 2363 3395
2401 1102 4032
2519 359 359
2114 2753 3188
3353 3600 3600
1608 85 85
1117 327 327
1233 3263 3263
3838 471 471
4007 3305 2415
2298 3046 3868
2538 1184 1184
1101 2366 1558
3230 2608 2438
3920 3235 3695
3403 2357 980
1641 196 196
1675 4061 2058
3525 3825 3825
1174 2238 3810
3327 2720 939
1708 3566 2376
3031 3033 2072
3130 212 1998
2688 3035 1896
3796 3747 3747
1907 422 422
1326 1366 307
2751 2365 1572
4006 3091 3091
1846 898 2491
3566 330 330
3564 3900 1150
2814 1446 1492
1091 2838 2579
3978 4050 2641
2691 3952 3952
3234 284 3685
1082 3331 3540
1699 245 245
3573 70 70
1809 3777 1127
1102 1152 2875
2699 2639 3480
3119 148 875
3641 2381 3302
1802 1879 11
3545 2264 965
2468 315 315
3780 1391 329
3543 3953 2421
1581 1070 1070
2444 3083 3083
2454 1501 1501
3084 2144 2144
2643 3989 3451
4076 24 24
3754 2980 2980
2292 948 2468
2656 120 3736
1420 1191 2435
2810 2428 2428
2389 2731 306
1158 3076 2300
1049 116 3599
1553 1783 1783
2843 781 746
1390 1607 3821
1546 2979 2979
2171 1598 2150
3268 1774 2585
3228 3588 476
1401 1220 1220
1936 16 1368
1047 3931 3425
2959 686 2813
1225 845 626
2320 623 4087
3393 637 2622
3859 1790 3818
1644 1392 2281
3803 3190 2726
3670 88 88
1619 441 441
1882 3137 2383
1920 21 21
3993 1505 318
2894 2120 2120
3800 2903 3141
3162 3668 3206
1182 465 465
1873 3356 1099
1483 1685 2608
1673 3370 3370
2863 1959 3691
2463 2504 2805
3474 2391 2391
1550 1811 17
3773 3554 3453
1250 95 95
2399 465 286
1592 175 175
3295 557 3411
1506 348 203
2580 261 1312
3445 938 1101
3382 3645 412
2644 2065 1534
3208 248 447
2497 3791 2191
2035 1815 3307
1648 303 387
3416 895 2153
2357 268 513
1501 4080 291
1060 2862 2862
1367 2645 2938
1272 57 1831
2756 3796 2037
1657 3155 2586
3984 59 59
2813 303 303
1096 3568 3568
2632 3829 2132
1322 295 295
2852 3383 421
3167 748 3791
2684 3153 1585
1135 1740 3841
3384 322 322
1879 164 164
3494 3610 1069
3635 528 1413
1213 345 345
2368 1748 3801
3018 1593 152
2326 2214 656
3787 1688 1679
1230 2184 3066
4082 2277 1597
1265 3213 1064
2111 244 163
3891 2228 2867
4052 1885 1885
3098 4094 4094
2646 372 372
1353 1343 860
2759 122 122
2439 1759 1060
2044 1322 3301
3657 338 3003
2970 1667 1667
3311 3833 3979
1888 2009 2009
3581 2484 1369
1040 1365 1258
3104 2155 1557
3285 873 3894
1838 2454 222
2598 3049 1613
1668 4058 4058
1904 3645 1155
2172 2069 2069
3756 280 280
2835 4067 1520
1522 3846 251
3689 2373 301
3804 2020 1121
2041 143 143
3306 3514 3023
1599 2595 1501
3890 2945 2945
2409 1072 2233
1361 3850 3051
1526 2218 2418
2059 4022 85
1413 2964 316
1991 2825 2825
2180 2465 1923
3283 3899 2101
3241 2898 3092
1254 3661 3661
1957 2201 3888
1273 297 2222
2264 1641 1335
3293 2938 3322
3077 3220 2416
2908 3674 3674
1593 3068 1376
2278 3257 3257
1505 2199 2199
2235 2793 1244
1351 2410 1455
1455 1680 1680
2033 1443 3942
2623 3824 3194
1533 527 51
1304 2352 192
1092 206 206
2477 3195 173
2592 159 159
1346 331 331
3825 1929 2610
1284 3414 2314
2926 3505 588
2716 3708 2445
1704 2744 3156
1531 3047 2906
1270 499 3952
3504 1967 1967
1064 4036 3857
1103 319 564
1716 1674 125
1404 3676 2870
3194 2718 3633
3296 484 484
3661 1651 2691
4070 3667 1020
1211 3739 2659
3715 1460 289
2415 298 298
1252 3917 3847
3519 1877 1392
3278 1326 2656
1110 1628 1644
2831 1013 483
1208 3211 3172
2532 2398 2398
1634 235 235
3367 2621 3855
1640 69 69
3472 499 499
2416 207 3168
2511 1525 1525
1144 55 55
1828 1817 1817
2338 3181 3181
1667 2228 1668
1088 182 771
2143 1657 3677
1913 3730 2493
1045 1437 1875
1357 1208 1208
1383 3270 3270
3392 377 382
1692 1033 2194
4019 26 26
2073 1434 26
3479 1606 3498
3211 3853 3853
1653 3 3
2272 2368 3144
3221 2695 1933
3651 1293 3441
1697 2780 275
3422 171 171
2892 2107 1149
2469 2622 2744
3368 2575 202
1035 3031 3031
3046 3051 975
4074 2999 2619
1218 3318 2331
1596 2541 818
2865 2606 2606
3652 2642 2642
2256 1638 3129
1374 3985 1027
3923 511 511
1517 1023 3342
2297 557 820
3697 12 12
2518 478 478
2137 1020 3844
3799 2360 2218
1141 3461 1319
1696 144 1940
3066 240 240
3946 3970 1175
3197 1041 1041
3839 145 145
3059 2354 162
1709 56 605
2483 818 2087
2915 1688 1829
1695 2289 2289
1368 1192 1192
1594 337 493
3733 1551 3049
2385 4065 543
3307 3124 1793
3359 2950 2950
2260 2433 3831
3986 154 146
3602 104 104
1309 1748 3429
1502 2655 729
2599 1999 1999
3163 430 430
2940 475 2657
2075 709 1011
2018 390 390
2126 3697 1131
3483 134 603
2593 271 271
4048 3430 3430
3921 2905 2905
3303 1427 1427
3656 2254 2254
1032 2632 423
1059 2459 2439
3526 2083 2033
1348 1189 3105
3798 1140 2778
3606 2932 1885
3714 123 3126
3061 3798 3798
2418 1738 1738
1759 651 1573
1994 1294 563
3892 839 1928
2024 3556 1316
1180 265 1891
1050 1390 1390
3321 4061 3056
1268 1259 1259
4064 54 684
2984 2183 2183
3030 2151 341
1702 1340 3143
2910 3316 777
2459 2747 852
2181 1724 4090
3655 1673 2480
1836 3540 441
2736 1286 1078
3858 486 486
1297 3803 3507
2289 1281 2667
2436 53 53
3563 66 66
1510 93 1653
1869 2703 2999
3928 102 102
3039 3109 696
1895 1973 3326
3774 3482 943
2498 1436 2365
1079 3979 1228
1271 2983 3970
2935 432 432
1418 4037 1382
3417 2435 2782
1707 3722 3722
2729 2757 2754
1856 3517 54
1757 1669 3289
1718 2342 3629
2928 3240 271
2855 167 3775
2453 2466 1675
2654 467 2088
2610 3128 3128
1496 1976 3016
1681 771 2502
3236 254 254
3309 3000 2864
2449 389 389
1827 63 63
2873 3212 1503
1128 3381 3381
2217 1649 3660
3685 182 182
1379 343 343
2322 496 496
2976 542 343
2119 1705 1705
2023 1922 1922
1245 1958 1958
1812 174 2378
3594 940 2722
2305 3942 3711
1287 3847 1154
1566 2314 1816
2106 772 2545
3169 481 481
2925 1863 1335
2858 1430 1884
3922 1437 2994
2575 437 437
3515 3140 3140
3343 2540 2904
2312 2598 2514
2625 101 101
1793 2329 2329
3755 3481 1076
3729 90 90
3530 2449 3051
3036 242 1886
2127 2646 3410
3524 1778 1423
2077 1757 3317
2761 2113 1268
1399 126 126
2776 406 92
2345 3303 3921
2700 3148 2592
3086 2590 3215
3282 3518 3518
1945 442 442
2916 3520 2163
1966 2024 3742
3199 162 162
2400 2936 2276
3926 3723 1232
3263 2076 3615
2417 2155 2155
2880 239 239
3700 3660 3660
2070 1066 122
3834 452 2990
4051 3241 3575
3932 1772 68
3481 2045 1244
2490 2844 1558
2746 2330 2064
3022 65 65
1719 2259 2259
3149 3665 2352
3837 2739 1853
3881 1084 1009
1471 1295 1295
2445 3423 3118
2295 2142 318
3420 1238 733
2573 424 424
3797 3750 2366
2404 26 3014
2182 345 3909
1181 2674 1154
3182 1806 2522
2006 3352 3352
3261 4002 958
1173 2230 1540
3665 2752 3787
1605 4056 2773
2446 20 20
3593 3204 1614
4066 3171 2798
1630 2398 312
1513 509 509
3638 2572 2967
3872 4033 4033
1662 1704 3953
3616 3056 2518
3338 3504 2103
1970 1910 239
2960 169 169
2261 207 207
2678 3080 3327
1166 2101 1632
1621 2687 1953
2669 2792 2792
3788 3550 1018
3280 874 3104
1194 3462 3645
4077 2148 2148
3369 1562 1562
3677 2764 2764
3004 3021 3183
1460 384 384
1854 3614 2064
2407 1797 1797
1538 329 329
2956 2881 2881
2798 3259 2604
2026 4030 2452
1830 448 448
1906 2438 110
3868 358 358
1138 3687 53
1378 3152 2022
1565 2081 2081
1444 761 1756
3662 227 1658
3319 156 80
2698 3328 2577
2711 178 178
1889 914 231
3835 1393 1828
1924 485 485
2747 3003 1256
3931 1086 2805
2152 204 204
4034 696 3707
1864 2731 1972
1459 661 1097
1613 3755 1583
1863 576 2725
2521 1329 406
1928 970 194
3851 1223 2750
1606 2547 2547
2660 3179 1206
3970 966 2278
3794 2603 1804
2525 88 1684
3102 1979 1891
1789 1593 1593
1929 2171 2171
1645 3618 3618
3917 111 111
2597 334 334
3042 4014 3511
3949 1104 2592
1844 156 2968
2344 3877 2365
2879 3772 3772
3559 238 238
2209 2836 2836
2387 3139 3364
2679 3550 3550
2475 495 495
3006 1264 1264
3578 2670 3183
1923 3350 2108
3370 2172 1291
3590 1929 1599
1623 773 3585
4068 3308 3308
2145 662 2100
2645 294 294
1376 2876 2876
4023 62 2475
1445 3381 247
3782 1892 1892
1841 2808 2018
2051 1537 178
2973 4016 3320
2900 11 11
3315 1637 1637
3374 1217 222
1491 1916 1721
3631 16 16
3840 1186 3037
2202 259 940
2502 1052 3007
1646 1931 2045
2268 3162 2450
3404 708 1845
3060 182 156
1352 3070 1947
1164 1036 2305
2506 2623 74
2479 84 84
2061 3415 394
2670 434 434
3269 13 13
4046 1021 2478
2234 1460 3110
2689 1575 4067
3500 63 3252
2754 3226 3226
3028 732 2747
1857 2520 2289
1749 1334 3385
2883 504 2559
4057 3154 3154
2739 2914 3515
3867 3625 3625
2543 2400 1501
2313 341 3290
2085 1898 1450
3588 250 2382
2499 2505 2607
1313 2402 4068
3516 2124 3375
1931 502 962
1930 4000 1072
3174 3292 3589
1151 2972 3972
1239 1848 3086
2308 60 1914
1087 146 246
1393 3924 3924
1286 2487 2487
2917 3325 3525
2141 1964 1083
2693 1598 1501
2328 3414 3414
2003 3203 777
3010 2104 4045
1887 1760 253
3977 3911 391
1765 3197 2552
4043 397 3799
3478 501 793
3461 3141 2018
3811 2263 3452
1303 158 4038
1229 141 141
3904 1167 1381
3287 244 244
3429 3991 279
3914 2520 1621
2570 523 1287
3250 1115 1115
1291 2027 2027
3432 2560 3613
3485 2684 2764
2437 13 113
1549 699 508
1300 279 1695
1910 882 343
3258 4088 4088
3299 2099 1416
3395 3529 3529
4039 1546 1386
4088 1069 2457
2034 1327 1265
3956 1457 3323
2775 346 346
1449 328 328
1917 3783 1798
2302 3481 3522
1276 744 3310
3909 3808 100
3995 291 2850
3555 2753 956
1779 2566 2021
1870 3737 3737
2871 339 339
3209 151 1569
2046 1891 477
1998 3065 1779
2117 2094 2094
2780 3209 1319
3964 3583 2786
2738 845 1792
3284 1443 1391
3487 4053 4062
3357 1982 2166
2559 1781 1095
1698 2285 2285
1610 1128 3412
2208 785 104
2198 1372 545
3551 336 336
2922 3505 2203
3843 413 413
4071 328 4081
2189 857 168
3589 43 43
3175 1093 1093
1664 1166 933
2683 1363 1236
3142 3829 26
1447 2370 2307
2724 2052 2052
2828 3406 1601
1476 1364 1146
3048 3224 3026
3769 2839 4011
3144 926 66
2737 3703 2097
1682 1494 1494
2015 2042 1525
1556 4051 1877
1477 14 2129
3618 1463 1945
3184 246 246
2830 2216 3953
2760 1715 1205
3288 3173 3173
3522 1982 780
2781 224 104
3381 3082 1519
3775 190 2414
3643 1214 3840
3666 3277 3277
3329 3996 1505
3819 380 2942
2050 1189 1189
2231 1913 1913
3779 2848 50
1567 311 3772
2462 154 1758
3147 309 309
1221 625 1502
2098 2425 2425
1738 1029 2942
3291 3850 2165
1315 307 2837
1750 177 177
2753 1477 1477
1984 300 300
1782 2927 1539
3452 2516 2452
1150 1040 1040
1282 214 33
1479 103 103
1724 1255 2902
2930 848 703
2886 1865 1865
3770 3849 3849
3158 2856 2856
3508 2879 3254
1153 22 188
3863 253 253
1058 2448 208
3242 3923 1649
2551 2489 2489
2365 1347 411
1530 1553 218
2633 3075 3075
1729 1173 2163
3558 2391 2801
1171 2430 2024
2741 269 2131
2914 277 277
1635 3907 264
3771 1935 3796
1536 251 2935
2529 118 2244
1407 2917 2917
3541 2309 2309
3193 2913 1525
1807 3803 3106
4004 305 305
2072 191 191
4018 3753 3753
1453 1555 1056
1580 3575 1972
3376 3876 3419
3746 1983 83
3195 381 381
3718 3361 2599
1974 2632 1332
1755 3730 2109
2020 687 1768
3812 1292 3701
1175 641 3711
3644 1201 166
3017 1956 3155
3292 4054 4054
1746 46 3027
3999 3026 2137
3002 371 2308
2204 143 714
1312 147 147
3189 142 142
1202 3610 1939
2356 2218 3278
1824 3403 53
2857 3555 2076
2102 882 3865
2375 4058 1235
1343 262 2824
1133 291 291
2595 258 258
1689 2441 2441
2164 411 156
3040 231 231
3235 3561 1379
2709 2713 3419
1396 1967 4069
2640 32 32
2294 1374 1467
1649 185 185
1296 229 229
3094 443 443
3916 1275 3633
1262 149 310
2763 3602 3793
2659 1200 1200
2561 2340 2340
2374 202 202
4001 768 2690
3466 1180 1180
1057 218 1137
3342 48 48
1027 117 2243
1118 3954 387
3610 40 40
3289 1754 1754
3217 3533 1238
2160 1646 3677
2877 3667 3667
1274 3156 1862
3894 1484 2717
2641 1911 1726
1043 1544 1939
3795 2185 2185
1650 1196 445
1325 2736 1069
2420 937 1300
1104 387 387
3349 192 192
3378 1525 2592
1031 1067 528
3336 1138 3981
4078 1022 1457
3535 1521 69
3506 261 261
2146 2583 3526
2324 1510 1510
3617 450 1734
4089 35 1037
3140 2622 1976
4014 3044 3044
1025 369 369
3185 860 3361
2288 1741 814
2571 3906 2286
2899 219 3105
3076 2999 2999
1713 528 4011
3671 4054 3871
2019 2977 538
2531 2393 3856
4056 3935 3639
3713 3694 3694
3266 431 431
1373 392 392
1666 154 154
1073 2599 150
3365 2994 2233
2859 3696 2523
3852 3710 3522
1855 1799 1799
2695 1977 2352
1090 3749 2432
1515 4057 2915
2583 2374 3928
2360 57 3767
2166 2622 549
1142 1294 2326
1995 2590 2247
2013 2163 1219
2515 2806 3391
1247 94 1273
1210 3374 3374
3688 627 4028
3565 319 319
2049 1231 1436
3699 662 2767
3495 2023 2407
3906 3045 3045
2071 503 503
3499 2062 1346
2364 1765 112
2005 1638 319
3636 3983 3983
3624 1180 1419
2902 2316 1868
1362 1994 2151
3229 186 186
1785 2474 3765
2815 10 3440
3574 506 2339
2722 110 3655
3156 2835 2835
3014 1545 1545
2513 3194 3194
3093 1784 3549
1969 2332 3420
2962 741 340
2839 1602 1602
3595 168 168
2254 2923 1876
2951 113 1608
2547 2130 2134
2382 1048 1048
1360 2372 2489
1294 387 164
1044 450 450
2589 3729 302
3316 3948 3091
3262 1971 2772
3806 864 967
4033 1962 1591
3000 160 240
1500 2952 2104
2997 728 1739
2912 3181 2048
1764 1098 3636
1654 2209 2190
1206 243 243
1900 1033 3965
2526 456 456
3603 2285 1551
2053 3744 953
2787 3745 220
2386 3946 283
2999 3693 2341
2934 2702 1154
1609 2750 1398
1748 825 3324
3107 2727 1473
3388 1935 1935
2664 3202 1909
2663 222 222
1710 1589 1589
3490 212 212
3614 2907 2686
2327 2310 2310
3732 408 408
3047 3187 3187
1324 890 1034
1822 2136 258
2045 2135 684
3063 1531 1531
4000 835 2407
3170 2515 2515
3226 1980 1154
2540 2922 736
3719 54 54
1120 3213 1253
2413 3425 3633
1784 461 461
2805 444 444
3777 504 504
2864 1411 1411
4049 2619 3881
3706 3711 922
2363 1726 1726
3683 3179 3902
2624 1181 1741
2790 4052 3731
3584 3733 2040
3620 2331 1162
1227 3939 3939
1464 1726 459
1951 1684 1684
2613 1473 2972
1255 295 8
2524 2040 2040
1925 1622 1260
3363 501 3312
1494 40 2448
2470 153 153
2125 3466 2014
2567 47 47
3958 1906 1906
3660 2128 3112
3259 1119 1099
1559 3988 1694
3783 1624 3331
2309 3969 1113
2786 3292 669
1380 1002 1728
1701 3991 3991
3223 293 3564
1555 3136 73
2590 2551 1953
3425 146 146
2662 1898 2232
1732 837 3430
1093 3097 3233
2807 3770 1987
1198 2611 1466
2876 3361 3732
3083 2177 3570
1557 80 80
1212 4069 4069
2133 203 1096
1562 123 86
3271 1255 349
1730 268 2755
2685 2355 506
2121 278 278
1638 1121 1121
2084 2266 920
3190 382 382
1959 2473 2473
1978 209 2448
1334 249 1736
1328 2753 2090
2038 1224 1465
1618 190 190
2929 1028 231
2105 118 118
3129 2581 2581
3089 148 734
1971 144 3085
4008 120 120
1406 233 2231
2311 3433 574
1143 4068 2057
3055 3532 3300
2619 2207 2207
3801 1509 1509
2577 3088 2769
1354 4081 4081
3092 2157 3190
2120 1839 4006
1534 1521 2136
3632 41 3309
2229 3858 4018
2055 405 405
3251 2788 3906
2637 3255 3615
2115 1887 1887
1222 4014 643
1688 2240 2240
2534 1182 1035
1542 3940 3940
2242 2692 1110
2986 1547 119
3080 2810 1965
3196 72 72
3823 3888 1974
3473 1162 3710
2460 272 272
3736 3712 3712
2533 232 232
2978 237 237
1237 2977 3595
2842 492 492
1731 248 248
1062 2639 3746
3069 242 242
2998 3465 3465
3462 135 135
3987 1213 3671
3925 1337 752
1372 2935 3932
3201 3665 3522
2769 3037 3562
2371 189 189
1865 309 3196
2253 458 458
1318 1568 1065
3346 1729 2603
3873 326 275
1996 233 233
1094 1674 1076
3591 2156 2156
2325 637 1940
1450 1039 1039
3186 4090 3472
3386 3836 3836
3953 1362 2256
3435 2800 2151
3728 2498 3568
3372 2524 3790
3177 2306 1919
1156 3389 2403
1207 2799 2849
3820 1668 1210
1578 1316 347
3809 3157 3336
4059 720 3306
3966 3906 1299
1820 3303 120
3646 1298 3392
2516 1224 1224
2869 1118 2513
1671 2485 790
1561 2316 3822
1251 1437 2430
2768 2804 2804
2817 18 18
2919 906 998
2352 64 64
3347 1050 2427
2948 1338 3656
2522 3572 3572
2584 1888 1242
3979 3787 3787
2130 217 217
2885 688 3317
3884 94 2742
3948 395 395
1269 3040 2747
1100 2748 2748
1933 3038 3038
3720 1167 1915
3866 126 3341
3717 552 3626
3725 1816 3944
1582 2408 2408
2774 2991 7
3352 2193 1067
2672 29 975
3698 1615 1615
3994 1576 136
1960 3034 1189
2553 2290 194
2482 2422 1981
1217 1351 1351
2541 1570 693
3821 87 87
2036 1937 2379
2464 3499 328
3143 457 457
3627 1255 2264
3123 3265 1859
1414 2704 2778
1570 3087 3370
1935 2 1827
1076 1182 311
3237 3785 3785
2950 1902 1212
2867 91 91
2030 1644 1644
2495 3700 2588
2528 249 249
2648 3512 3885
2493 3912 3912
1773 2802 2871
2848 3947 3947
3264 181 181
4062 3576 1213
1691 3671 3047
1452 2554 1490
3918 302 302
3760 1301 1581
3826 4047 4047
2223 94 2321
1149 3454 2524
3095 1825 1959
1106 3107 3107
1036 265 265
3317 3781 3103
3214 1878 1878
4020 1593 1261
1965 2399 3277
1736 3040 134
1409 2841 3794
1085 391 391
1068 2998 2908
2770 151 151
2068 2469 3800
2884 2227 3902
1950 1596 2295
1547 3938 3070
1474 3995 1663
2408 2332 2597
1977 2499 2499
2047 3608 1741
2287 463 463
2054 3113 868
2201 435 435
2665 3830 1772
1152 3177 215
1781 3979 1455
2140 2557 2498
3628 2461 604
3897 3693 995
1603 2254 1688
2090 2850 2850
2995 3454 3454
2992 289 289
2860 3492 3492
1402 3758 3468
2713 395 2951
2402 2353 2353
1220 3003 2946
2281 380 380
3409 4067 3003
1242 2580 2580
2985 3691 946
1560 3774 2015
2131 1856 1856
2192 293 2594
1030 3014 3413
1771 2345 2345
4075 3918 2015
3753 3084 3369
3608 401 401
2451 3604 512
3227 428 428
1331 2845 225
3441 497 497
3532 2505 412
1419 2918 915
2486 106 2539
3275 1475 1475
1803 2540 1703
2981 3569 1873
2655 2051 2051
3191 9 1328
1811 596 1526
3935 3859 3859
1528 83 83
2187 1555 1360
3845 3998 1419
4054 296 6
1429 791 2437
3087 1115 2334
2348 3304 3940
3491 1359 1138
1204 1456 1517
1188 1926 955
3633 215 215
2031 3228 615
3919 4057 2894
2602 2306 2111
2546 396 884
3125 2087 1015
1099 2262 2262
3037 195 195
1203 4063 1271
3976 39 39
2517 886 2009
3088 2392 2392
1651 2494 2494
2081 2585 1542
1842 3207 3523
3464 3960 2201
2271 2083 495
1332 285 285
3654 952 3923
3247 1441 3758
2220 917 2309
2108 3873 1726
2627 87 2473
3817 451 451
1095 3420 2687
1845 3850 3621
1942 924 2705
2743 1254 2318
2649 558 663
1723 3131 3131
2504 2142 1596
2132 3115 3713
2455 276 276
3068 3182 3182
2306 489 489
2060 2388 3721
3276 2016 335
3709 29 29
2246 1822 2214
1669 645 1467
2139 2691 486
2809 2273 1075
3113 2336 3698
2280 1689 3318
3824 809 3042
1169 433 433
2481 38 38
2596 741 2756
2043 229 2446
4036 3042 3042
3038 2096 2232
2832 3360 2225
3023 3564 3564
3205 2953 2953
3763 777 3993
2057 2299 85
2299 3599 1808
1722 723 1961
1485 1499 1459
3762 2899 36
3110 292 292
3082 1328 1328
2270 2247 2222
2226 2829 28
1456 3162 3162
3065 494 494
1769 2466 1603
2576 2423 2423
1163 3882 51
1539 1313 2275
2723 1061 2587
1947 1932 316
2939 3145 3145
1780 646 3855
1256 3740 3740
3355 238 1690
2968 352 352
3109 3435 3744
1507 357 357
3955 2001 2001
3560 236 236
1234 1417 1417
3781 2521 47
4040 3506 3705
4093 3539 1211
2582 224 224
1029 1073 1073
2076 313 313
1727 123 123
3019 2033 3176
2078 49 49
2966 3026 3026
1288 1576 192
3764 204 2264
2849 2486 2486
1481 3194 566
3742 2333 2333
2284 2376 2463
2795 3575 257
2450 949 1938
2954 1275 1796
3569 3973 1625
3114 2815 2725
2789 2123 1080
1569 1359 3465
1259 2349 3330
3330 453 453
1627 428 681
2227 1167 439
3722 3871 2119
3033 375 375
2144 2476 66
2474 2453 483
1834 2267 932
4005 3283 3959
4073 44 44
3454 133 3067
2508 2274 2274
1843 3354 3354
3138 1358 3084
4094 2074 1592
2605 2318 1960
1632 425 425
2149 1816 1114
2942 464 464
3766 1720 3025
1705 3422 3887
1629 3521 1801
3827 3650 1901
2718 2529 2529
1131 3533 3533
3980 2951 3063
1997 1626 715
1859 1995 2879
4022 198 2812
3180 3666 1755
2113 3431 3431
2016 3724 994
2134 284 284
3405 2798 602
3957 3732 2839
1721 4062 4062
2804 3948 1386
3256 2752 2752
2712 221 1507
2042 2980 2612
3534 507 507
1579 2911 3825
2238 2537 2650
3366 2677 2123
2812 1534 1534
3860 2632 508
3712 3446 1518
2138 2122 3241
1934 2100 3816
1336 3062 3062
3362 1100 3469
3225 1682 189
3810 3152 1617
1124 980 3941
1275 392 3757
2274 3489 3817
2652 60 60
3322 2465 2465
1916 219 219
1678 333 333
3049 1174 3406
2291 2659 1843
4069 3163 2813
2647 2766 2669
2252 1318 1318
3870 3174 3174
2906 374 374
2658 3967 3967
3585 2440 3045
2372 475 475
3457 2066 181
2704 3509 390
3035 218 418
1572 2484 1226
3400 203 203
2622 491 491
1069 1764 1764
1674 124 1678
2008 110 110
2972 3505 3505
3972 744 2059
3008 109 2123
2825 277 270
3727 2542 4062
1899 3930 2497
1478 326 326
2868 1675 2684
2317 2555 2532
1157 1766 2533
2248 2712 2712
2782 1604 2249
3106 2535 3212
3785 2080 1186
2293 314 2952
3465 172 2652
2175 3677 2200
3133 306 2865
1495 3601 58
1541 3823 760
2881 208 1606
2403 3414 1795
2750 2234 2234
1908 1157 3741
3874 4095 3345
1647 438 438
3312 1577 1644
3100 2948 2948
1866 14 642
2124 420 420
2065 3966 3966
1993 1072 587
2193 3530 3530
3802 1342 912
3576 234 234
3941 3832 184
3938 41 3566
2307 1024 194
2094 2478 3175
3710 490 490
3273 2127 2127
3750 3559 1986
2854 522 375
1350 3990 3378
3274 354 3755
1818 2865 3298
1066 1777 2830
1231 462 462
1410 463 482
4045 2695 41
2797 3873 3312
1344 262 262
3411 3873 1177
2165 2861 2861
3649 214 214
2412 1108 1108
2101 290 4085
3412 144 144
1685 1803 0
2255 809 1436
1277 2776 3842
1028 3062 3148
2501 1143 1574
3996 2807 2541
1261 15 15
3951 213 213
1490 115 115
1134 1873 1873
3341 2880 1687
2701 188 3130
2300 183 183
2636 3388 2252
4061 2662 3744
2996 22 1731
1338 3851 3851
2898 1272 464
3335 514 4048
1529 92 92
2116 175 2618
2394 2928 3192
1819 419 419
1356 2984 3178
4091 403 1397
1484 3667 1002
2728 1963 995
2977 4019 3364
1598 2437 2437
3514 1833 3047
1214 21 3479
2793 714 704
2457 488 488
3444 1196 3334
1509 181 2440
2097 3616 3616
2903 297 297
2222 3327 3419
3021 1099 2804
2369 1809 4040
3943 1863 715
2594 2661 265
1943 2619 3630
1278 2430 576
3604 1500 3299
2410 506 506
2259 3137 1233
1894 847 261
2862 1770 3408
1905 2366 2366
3973 2110 546
4080 324 324
3459 1490 36
3876 2237 3326
3511 1341 1341
3791 194 194
2520 3984 168
1734 3291 70
2001 1888 2115
3361 3070 3070
3998 3695 2850
3436 2436 3993
2112 2054 2931
3313 814 52
2767 105 105
3962 414 414
2341 1654 1654
1438 23 23
1432 1154 1997
1070 3386 293
2269 886 2461
3539 91 622
3155 2490 2490
4079 2519 1504
1466 3179 3179
2555 383 383
1201 411 411
3634 3724 2819
1196 1676 1676
3597 3275 2390
1761 2337 2337
1525 3497 1830
2721 36 36
3601 3459 3459
2069 1927 3872
2909 179 179
2943 749 188
3161 2282 2006
1189 2524 186
2651 3137 3829
1387 1868 1383
1927 1736 1736
1693 2248 1471
2207 1909 2275
3304 201 201
3527 3756 3604
3911 976 1110
1711 808 2413
1034 156 156
3538 3742 2535
3570 3681 3681
1292 3041 3041
2267 3855 59
1080 4069 2809
2757 3797 1859
2958 61 61
2572 2126 2126
3768 809 2493
1891 2996 2996
1205 3044 4003
3058 975 857
3456 380 2429
3056 2650 2650
1775 2235 2358
3350 370 370
2800 601 1526
2162 149 149
3070 3841 3507
1183 139 139
2370 625 2651
4072 4000 2616
1911 4036 3185
3476 688 1237
4050 222 3022
3323 3255 1348
2824 444 2864
1967 1905 3121
1799 2706 3575
3749 5 5
1715 3480 1628
1975 104 1418
3231 3296 174
2161 3757 98
3418 1227 1328
2212 184 184
3711 1049 1049
3528 1248 1248
2471 3962 3329
1290 2745 2288
1968 2526 2958
2578 1410 3635
1498 209 209
2971 3253 3253
1585 165 165
3294 1724 1706
2818 3266 1393
2846 1943 1943
1792 963 2032
2615 2037 2037
3648 1487 2637
3936 2379 763
2074 188 188
3988 794 2215
2866 2538 3048
3071 3930 3930
3489 263 263
2889 2971 2801
2012 3343 3022
1195 1248 252
3854 2660 2471
3166 1287 667
2764 3348 1421
2887 226 2584
2136 3161 3161
2796 4021 3721
1677 463 695
1375 48 2924
3615 423 423
1425 361 385
3959 1412 2901
3492 2677 3990
3861 537 3765
3267 3842 3842
2861 1706 3879
3679 406 406
1622 275 275
2447 2931 2931
1946 2849 3982
1492 3081 3081
3358 534 3621
2170 814 2411
1497 1521 2929
1440 2256 10
1411 2455 1582
2000 755 2067
3556 2141 2235
2708 544 608
2067 2 2
3401 264 264
1048 5 192
1321 1540 136
3645 426 426
1795 1947 1947
3449 166 166
2458 2425 215
2661 417 417
3673 2633 2851
1774 2531 3313
2845 263 1707
1337 513 822
1219 1703 1703
1122 226 3495
3043 1027 1027
3784 1916 3813
2850 230 285
3630 467 467
1878 2960 3469
3609 2577 3876
4041 1256 1140
1216 2364 2115
2396 268 268
3883 3660 2349
1633 161 161
2682 1089 1523
2896 1746 1492
2107 4086 1446
1626 2221 2221
3678 1043 1043
3757 2384 1345
2337 2770 1044
3024 3994 3994
3540 1414 2397
1847 86 86
1982 978 1743
2249 1595 1595
3198 2972 3227
1620 3548 4059
1584 2747 97
1488 4048 565
1177 701 3446
1253 2342 2342
3484 3169 364
3050 1409 1831
2195 2491 1099
3981 979 1523
1604 2974 3220
2103 3905 3905
2621 1991 2417
1426 3066 3941
3215 1783 2194
1469 510 510
4028 1283 1285
1310 3198 3198
3391 1573 1573
1829 2421 810
2635 446 446
4021 1746 1746
2802 1491 1491
3707 2257 1901
2726 2675 2568
2362 2613 3001
3726 2642 1049
1739 2187 2442
2945 2513 2169
2657 477 477
4090 170 170
3146 2994 1955
4003 4052 3924
2487 3156 3024
2740 3261 50
3968 1262 1262
1359 1571 3305
3207 469 469
3937 242 2102
3731 1269 1032
3875 366 3588
1591 2558 2558
3896 1050 1542
1989 669 695
2336 3744 3744
1624 3589 2434
1747 3580 3141
3081 213 3007
1684 2724 2249
2673 2794 2794
2438 396 396
2275 2779 2779
1285 204 3541
2941 2301 2301
1482 2598 1396
2350 253 208
1839 1428 1428
1932 2890 2890
1636 308 308
3721 2563 2563
3542 3702 3134
2241 1536 1536
1461 1512 2049
3410 2589 2589
4042 4043 2489
2339 948 245
1676 1319 283
2676 252 252
3041 3023 53
1512 290 290
2093 208 208
1798 349 349
1962 2280 2280
2240 1456 3250
1583 3518 1284
2461 3893 537
3855 193 193
2931 2055 3893
3553 1602 2189
1424 2125 2125
1342 1514 1128
2819 3356 2036
1733 445 445
2215 2378 280
1412 211 211
2611 1231 36
3765 1728 1257
3108 2107 1883
2244 366 366
2601 1513 3277
3974 483 483
1893 4080 3450
3213 3072 3072
2821 3347 3347
3192 3098 2519
3440 3578 3578
1161 32 142
3598 3064 341
1763 5 1843
2617 228 228
2179 1553 1632
2109 3319 3153
2749 56 56
3377 3900 993
2028 1246 1977
3496 325 325
1872 3057 98
1788 2317 2317
2946 2963 2963
3789 3521 354
1246 1316 1316
3587 45 1287
1955 3779 3779
1706 3738 3738
4030 43 636
3430 318 272
2426 2092 3699
2157 502 502
2277 3381 1239
3734 2939 3678
2467 1067 1918
2358 3440 2640
2104 25 25
1391 2536 2236
1369 8 8
1521 3341 3341
1295 3168 232
1075 1796 476
3568 2754 1771
1770 19 19
2586 3721 2887
1293 77 2869
3078 113 113
3663 1236 1867
2168 1323 1456
1226 3602 368
1540 1209 3764
2488 3061 1145
1192 2261 3359
2392 177 3664
2010 2224 1920
3099 203 3155
2806 4022 4022
4038 2796 2796
1737 52 52
2233 3320 3320
1236 3092 3092
1416 2880 3707
2765 2941 2966
1754 3754 1719
1586 2572 2307
3743 3109 3722
3767 416 416
1384 1983 3398
3703 1161 1161
3818 459 459
3537 1816 139
2276 3567 880
1897 2824 2084
4058 4016 2538
4087 3131 1325
1140 75 75
3510 2862 3916
3375 473 473
1875 2047 2047
3216 403 3433
2188 2393 2143
3952 3748 3890
2210 452 452
3667 2785 2842
4013 2695 2695
4012 68 68
2096 82 82
2184 2679 1311
3814 434 1027
1919 3368 3368
1867 1967 3095
1612 133 133
2398 3282 1833
1595 2396 3202
2496 307 2688
2566 2746 2746
3245 136 136
3879 2769 2769
1976 114 114
2550 3891 1369
4009 3902 3902
3115 3113 3735
1952 574 1224
1880 3398 3065
2159 2265 157
3647 3768 1927
2286 2801 2801
2203 3237 3826
1377 1342 2873
3950 193 2587
1186 2111 2111
1493 200 200
3954 2530 3370
1267 3338 3338
3857 2593 530
1127 1773 1773
3901 1414 3655
1323 383 3494
2681 1261 109
3124 2636 2636
3592 1980 2960
3232 743 1169
3582 3386 1540
3433 2452 2752
1852 109 109
2603 2968 317
3428 822 2923
4053 498 498
1717 2948 510
1611 1023 1032
2826 470 470
2773 3237 947
1516 1646 2886
2347 1162 4038
2155 315 1647
3786 3648 264
2705 3724 2418
1797 1329 1614
3477 185 2309
1308 2159 2880
3659 2608 2608
2878 3997 76
1475 2479 3052
2218 205 4085
3521 2872 2318
2808 14 14
3969 3611 3611
2335 2469 2925
1258 3538 3538
2214 1405 651
2979 1330 2248
2680 2606 1459
2039 1223 529
3776 2744 2744
3032 3727 856
1794 1340 1234
3912 1565 2775
3034 1602 1838
3793 355 2406
3396 1052 1052
3807 2384 1863
3744 2117 3273
1548 2816 2816
3887 0 0
3044 233 3071
3905 1450 1357
2762 3103 655
2154 3961 3961
3503 155 155
3695 1361 1545
1686 669 3850
3992 1388 2423
2901 1068 1068
2980 4063 3976
3507 344 344
1187 318 318
3669 239 464
2542 3938 3938
3832 871 1635
1109 2433 2261
1089 3728 2232
2147 1909 2584
1033 1648 3390
1990 314 314
2421 2097 2944
2174 2564 2564
4092 1047 820
3686 3734 3734
3940 48 2987
3054 723 2154
3913 1492 341
2607 1881 1881
1832 2429 2994
3741 4017 4017
1817 1666 61
3692 1832 1832
2428 1366 3878
1041 3006 206
2730 3903 3903
3680 2524 3310
1071 3363 3339
1883 3157 1307
1679 2590 2590
1508 577 212
3536 702 1010
3517 2043 2043
2588 3673 3673
2731 2393 3766
4024 2352 3088
1191 2229 2229
4016 2049 2049
2303 2790 707
1980 3931 3931
1397 2304 3607
1589 1645 3503
3348 3926 3926
2283 183 858
1112 3790 1289
2340 161 2661
2266 1286 3258
3310 1761 1572
2323 3384 2676
1918 1695 2382
1129 108 108
3218 131 131
2153 3486 1163
2434 429 429
2381 2822 2822
2581 1789 3238
3203 3867 3560
3159 365 3948
3135 337 337
1625 1287 3286
1467 3333 1507
2442 119 495
2952 2562 1165
1358 3223 1709
1658 1751 3934
3173 3595 3249
2354 914 3580
3345 1629 1830
1316 3795 2397
1767 163 163
3308 2430 2639
3930 1981 2542
2838 117 117
1806 2135 2135
3003 1472 1472
3865 661 3401
2219 4006 1384
3470 2781 736
2710 2596 976
2331 511 4018
2921 77 77
2158 41 41
1639 1066 816
1504 2755 3761
3939 3314 3384
1801 2853 2853
1861 3060 3060
1544 2681 2681
1302 3186 3186
2697 2166 1429
1427 3315 3958
3165 282 1595
1403 3769 1392
2263 1364 1364
1813 1401 2231
2431 3238 4067
3550 2657 122
1193 218 218
1370 362 362
1139 3495 3495
2452 472 472
3745 172 172
1687 2549 2549
4010 2810 1707
3805 3528 3989
3246 62 3443
3985 3916 1508
1914 1897 714
2395 2771 539
2734 1499 625
3252 1709 2873
2321 2554 4026
2089 2377 974
2296 3951 565
1165 3898 3720
2744 3962 3267
2176 3437 1879
2833 1402 1402
2391 2658 3207
1543 221 221
3674 1310 3396
3351 9 3784
1840 1129 70
2895 1701 1085
1473 2815 2815
3813 605 1948
2262 2018 1146
3233 1178 1178
2465 1590 126
3157 1027 1352
3467 2374 617
2955 1933 859
1588 287 912
2509 3116 662
3611 2210 100
2666 1563 3281
2614 2370 360
2799 1470 2226
3398 1690 1690
2600 359 3618
3328 3530 339
1264 1471 3043
2056 2422 3022
3708 4009 3214
1983 1238 1116
3607 132 132
2441 2263 3353
3808 994 3374
2686 3929 1758
2330 3919 3919
3204 2054 2563
3091 1951 2286
2373 1375 2856
2727 2807 2807
1061 1977 749
3301 3464 3464
2257 3782 1404
4025 1342 2865
2236 3142 3142
1340 2387 2387
1884 4065 4065
2110 669 1390
3324 2475 316
1257 1652 2879
3364 17 17
1333 3099 3036
2706 2179 2179
2087 1625 1195
1330 335 335
1898 317 317
1115 1169 3551
2907 2702 1528
2239 2125 2301
1098 3203 3203
1083 427 427
3862 3000 3358
3442 3917 447
2250 2813 2430
1972 2624 2984
2634 9 3290
3828 270 270
2427 447 447
1439 30 30
2135 69 3151
2422 1635 1635
1355 2476 3907
3915 752 2257
1985 3297 2702
1335 545 3938
2095 3922 1752
3705 2249 970
2771 1729 3819
2355 2456 2609
1741 125 125
3171 383 2160
3423 1240 1658
1442 1819 335
3200 73 73
3612 3099 3099
3965 2868 395
1831 38 2730
4083 1018 3246
1577 884 2011
3531 58 58
2923 79 79
2837 2383 2383
2080 1404 1404
1874 1446 995
3482 2316 521
1514 1836 2424
3413 3485 737
1281 112 112
1436 247 247
3202 27 27
3990 1441 1441
3154 1267 2984
2558 237 3652
3963 1125 383
1948 501 501
3583 2892 2784
3325 4086 4086
2616 2635 45
2142 1648 840
3150 487 848
3339 1121 2289
1465 111 817
2290 3567 835
2822 2526 2050
1154 2725 2725
3619 46 46
2569 2145 3335
2273 1086 2521
2991 3593 282
1400 317 2371
1988 4025 3117
3025 51 51
1740 4059 239
2674 3851 441
3752 1815 1082
2011 719 2331
1783 2638 3847
1848 510 2132
1939 1163 1163
3640 3580 3580
1703 1371 1575
1185 3261 3469
1457 3469 298
1395 33 33
2232 3644 3644
1126 393 393
2148 2322 312
1712 2251 273
1038 1672 597
2890 238 275
1243 3713 2778
3300 2820 2310
3371 2812 2161
3893 2213 2213
2351 1397 1397
2397 3751 3751
2994 363 363
2485 1368 3761
3248 390 2099
2123 57 57
3735 189 3298
3747 1505 3074
3856 480 480
3509 2521 7
1602 1302 3917
2937 4095 643
2315 2156 1309
4031 3988 2838
2714 3459 2183
3334 296 296
3012 1658 2197
1808 402 402
3137 3133 3133
1851 1241 3650
1912 643 2207
1953 1794 1794
2334 1632 2992
1571 3577 3577
3792 3659 1173
1963 264 1782
3684 2832 2215
3910 787 3782
2918 1210 2540
3889 721 1834
3687 2041 2826
2245 122 700
3279 3776 3256
1172 1255 438
3907 74 74
2058 3213 277
1937 1926 723
2766 1158 1158
3512 3374 1159
2429 287 287
2393 1936 1936
4055 2802 374
3333 3378 2768
3016 227 3711
2527 588 1880
2772 1067 1655
3961 278 2372
3724 3597 3597
3869 200 1761
1956 2424 2797
1760 361 361
3463 1529 2025
3385 577 538
1890 3160 2309
1487 101 1897
1097 220 220
3942 1315 1315
2512 2464 1782
2032 3507 3870
4047 4077 3796
2378 3230 3298
4086 1415 1424
4095 2907 2907
4029 173 173
1178 1144 78
1600 251 251
1116 267 267
2405 391 1019
3895 647 191
1430 4089 4089
2537 410 410
3642 3365 668
2430 2743 2743
3188 354 354
1311 2626 2626
1448 914 163
2151 21 505
2579 106 106
3314 129 129
4017 1407 3090
1753 50 50
2029 3231 3231
2696 1047 2945
2905 2444 1698
3772 1626 3679
1751 2812 1568
3693 4 4
2091 3714 485
2562 197 197
3448 78 78
1199 1207 1293
2554 573 2055
3148 116 116
1063 3609 895
3206 259 259
2190 2184 2184
1132 3773 923
1615 1837 3088
2211 2118 2118
3850 2593 549
3178 1952 3351
1714 1231 676
2314 3474 1933
1909 2707 2707
2346 227 227
3836 1182 3266
1690 2968 1634
1167 1903 2072
2017 3581 3581
3533 2867 49
3848 93 93
2027 3450 3134
2690 394 394
1868 76 76
1037 137 137
3672 1695 3425
2228 3641 3641
1786 3243 1349
3841 138 138
2279 1503 3839
2872 2339 3174
1683 312 312
2717 1213 1478
3549 3704 3567
3067 353 353
2692 3198 3947
3344 487 886
1823 2907 3718
1486 507 3101
1805 304 304
1298 1596 486
2841 1925 2137
1289 311 311
3015 3959 143
1329 28 28
3567 2436 262
1065 299 299
2379 320 320
2834 1982 3313
1642 1919 3208
1816 3516 3516
2794 1 1551
2440 71 71
1266 1313 2539
1726 3666 4004
3408 407 407
1787 760 2889
3096 1473 3785
1961 301 301
1860 1515 3422
3778 2404 62
1892 1548 2886
2988 310 310
3415 482 482
2419 1960 4077
1260 2364 533
1437 397 397
1443 2683 2683
2642 3094 2615
3577 4053 1051
2801 3565 2324
3255 2156 2415
3073 4001 3211
1814 2417 3967
1527 2472 153
3626 1463 4040
1752 13 3717
1054 98 98
3394 3228 1364
2844 1087 1087
3975 2705 719
2066 226 226
2758 2374 3227
1249 174 174
1067 2477 2477
2205 2493 1800
3738 194 3935
1136 2604 3170
3682 1418 3388
3128 1805 1117
2122 2371 3323
3011 3016 3016
3053 1871 3188
1121 2655 2200
3176 1728 3443
3650 2067 3761
2735 198 198
2715 661 1812
2548 3835 3835
2086 2514 1469
3379 2233 2956
2556 1035 2573
1155 3621 3621
2752 3736 1597
4026 1820 399
3239 46 3504
2788 96 96
1392 378 378
3501 124 124
3605 2683 4077
1575 351 351
1389 3655 3655
4044 1471 1749
3475 3242 877
1381 3120 1787
1280 1155 2280
1949 2605 2695
2823 375 647
2196 1407 3291
3320 1529 2287
1941 10 10
2840 158 158
1987 348 348
1458 3623 3026
4067 1720 1720
1125 3537 3537
2514 2806 1801
3181 1347 1250
2585 2314 2314
3253 2566 4013
1200 3645 1263
2803 2947 1677
3704 1572 418
4027 3321 1788
2092 2985 155
1046 216 216
3187 1784 1564
2366 3451 1170
1804 150 150
4011 3968 121
3730 1495 1495
2733 1572 573
2911 3366 1304
1552 3206 455
2888 2907 4073
3389 3045 2935
3001 1968 3276
2505 3687 3687
1885 1855 1314
1849 3802 3619
2568 35 35
1791 2235 3113
2247 2050 1625
3118 293 293
2975 84 2275
3878 2291 2291
3740 4048 162
2014 2159 2159
3947 1984 184
2216 3186 610
2194 2498 2788
1119 2913 1861
1628 688 3853
3945 467 53
3286 1971 428
1656 2050 2945
1314 376 376
3546 3670 2908
1862 3467 1036
3238 2432 2432
3934 1554 345
2476 1786 1786
1680 3402 2030
2221 1636 2561
2169 2737 2737
2530 3237 3542
3716 3942 3677
1986 3230 2897
1858 142 1801
1672 217 1408
1371 468 468
2539 2495 2495
1074 385 385
2021 1492 3567
3254 725 3900
1111 2112 2994
3443 2279 2279
3929 3156 2424
3356 31 31
2128 260 260
3450 2101 2101
3502 3708 3708
1388 346 405
2638 1880 1880
3172 2256 2256
3360 1607 2717
1607 404 404
1024 1660 1660
1431 4033 1299
3967 21 2567
2932 295 473
4065 205 2211
1363 1303 1303
1365 3373 3373
3513 4019 2335
3326 9 9
3103 1246 3014
1637 3612 3870
3402 282 282
3580 179 3135
2390 2056 2056
3224 1492 3736
2552 1391 1391
1081 13 2502
3438 2776 3398
2675 176 176
2230 2134 205
3270 3640 220
3690 2178 1336
3331 2099 1692
3960 500 500
3126 190 1830
2332 2267 2267
2565 3299 136
1661 1318 3959
1366 42 42
1886 266 266
3520 2700 2232
3790 321 321
1563 1906 3255
3488 3321 3386
4085 2044 2044
2897 75 271
2827 2013 685
2816 3692 2327
1700 3121 2311
3561 487 487
4063 1527 1527
1434 2522 3179
2063 439 439
2199 1798 1948
3833 2893 2893
2536 2488 2488
1524 649 2006
2629 1071 4041
2478 347 347
2243 3812 3812
3406 3098 3961
4002 594 1898
2048 2222 2
1137 2336 1266
3458 1087 1079
1364 3591 3153
1796 6 6
2949 3593 868
3101 2823 2926
2384 3236 1211
3864 230 230
2874 134 134
3505 1498 2537
2237 1964 4063
3613 2100 899
1901 36 2270
2443 62 62
3219 3124 3495
2079 3216 1261
2510 2491 2491
1833 148 148
1283 1687 3956
3523 1765 1765
3933 2327 2046
2183 2879 4036
1523 283 283
3759 2824 3103
2875 2835 1733
3111 241 241
3696 120 137
2891 2021 2893
1826 3326 3515
1209 256 256
1777 596 3484
3842 1056 3332
2609 2266 2266
1564 350 350
3005 1094 2209
3290 2593 262
3888 2663 576
3424 1652 1228
1871 2028 2078
1768 3211 3631
2411 1261 3324
3075 3143 3169
2129 2013 2013
1159 2039 3491
3831 3616 1064
3886 2243 2719
1825 3170 1955
4037 1068 3461
1652 2706 2840
1532 2617 3244
3136 421 421
2904 3416 3284
3045 1125 1492
2987 107 107
1301 440 440
2719 2496 3007
1339 3369 98
3991 2548 2572
1113 1813 1813
1072 2120 2532
1835 1509 3918
2258 1417 1730
1147 1234 1863
1772 269 269
2993 4070 3829
2963 1959 3289
2406 342 342
3622 609 3601
2851 1831 1831
3127 586 2815
1084 2071 2406
1655 360 360
3596 2144 4019
3681 3383 1046
2083 941 1673
3497 3869 3869
2549 165 2379
2200 3586 3586
3871 2088 2088
2965 175 2142
1130 1121 2025
3846 169 2059
3748 1872 1872
2591 1928 97
2967 485 3773
4084 1752 3403
1643 1633 3616
3723 279 279
1601 1054 1891
2961 3351 1666
2206 1882 573
2150 3192 3192
2618 909 2763
3493 3771 4052
2367 128 128
2777 1057 358
3575 1826 1826
3572 2029 3158
3383 379 379
2197 306 306
1659 509 1232
1954 3469 2254
2748 2377 1907
2725 3710 2849
1248 3741 3868
2938 388 388
2702 1674 1674
2707 1546 2511
3337 2726 287
1146 398 398
3277 1808 2767
3220 2271 1442
3431 3955 1478
2167 2549 1205
1981 167 167
1519 1555 1555
1999 317 3490
2630 3838 2485
2574 3217 1775
1597 3959 3959
3694 3205 2609
3562 119 119
3222 3386 1127
1776 1087 1647
1263 455 455
3160 73 1450
2974 677 1104
2560 160 160
2604 368 2933
